90.0 17.126318719
100.0 25.8082642742
110.0 14.1223221529
120.0 8.55291703535
130.0 4.74897251594
140.0 2.8246086053
160.0 1.83584096928
180.0 1.28576469892
200.0 0.823496136538
250.0 0.552739661645
350.0 0.108140011263
400.0 0.074261095468
450.0 0.062149509402
500.0 0.0583641680132
600.0 0.0494506303361
700.0 0.0346445951164
800.0 0.024422708957
900.0 0.0172068402594
1000.0 0.0135800317865
1200.0 0.00884249759308
1400.0 0.00634706632263
1600.0 0.00495406084299
1800.0 0.00440460625635
2000.0 0.00397353453352
2300.0 0.00369628242842
2600.0 0.00360253582547
2900.0 0.0034663374015
3200.0 0.0034198176387