200   0.2284897574358363
250.0000000000001   0.1692976548115383
300.67431561996796   0.16408123507999467
356.0285829307571   0.11532334069141517
401.3184380032209   0.08289198526496692
501.9625603864737   0.04925002901955734
600.0905797101451   0.015294821790913467
703.2508051529794   0.005107971766687442
803.8949275362322   0.002918364949642401
996.3768115942032   0.001822642978070158
1201.439210950081   0.0015744100766904542
1499.5974235104673   0.001528787952310443
1996.5277777777783   0.0012680843534041506
2500   0.001150255139562413