0.0064 125.0000  100000.0000
0.0021 125.0000  100000.0000
0.0007 125.0000  100000.0000
0.0003 125.0000  100000.0000
0.0002 125.0000  100000.0000
0.0002 125.0000  100000.0000
0.4305 125.0000  100000.0000
0.3589 125.0000  100000.0000
0.2972 125.0000  100000.0000
0.2525 125.0000  100000.0000
0.2197 125.0000  100000.0000
0.1950 125.0000  100000.0000
0.1760 130.0000  100000.0000
0.1610 140.0000  100000.0000
0.1490 150.0000  100000.0000
0.1392 160.0000  100000.0000
0.1310 170.0000  100000.0000
0.1242 180.0000  100000.0000
0.1185 190.0000  100000.0000
0.1135 200.0000  100000.0000
