0.0000 125.0000  100000.0000
0.0000 125.0000  100000.0000
0.0000 125.0000  100000.0000
0.0000 125.0000  100000.0000
0.0000 125.0000  100000.0000
0.0000 125.0000  100000.0000
0.3853 125.0000  100000.0000
0.3379 125.0000  100000.0000
0.2964 125.0000  100000.0000
0.2631 125.0000  100000.0000
0.2366 125.0000  100000.0000
0.2151 125.0000  100000.0000
0.1976 130.0000  100000.0000
0.1831 140.0000  100000.0000
0.1709 150.0000  100000.0000
0.1606 160.0000  100000.0000
0.1518 170.0000  100000.0000
0.1442 180.0000  100000.0000
0.1376 190.0000  100000.0000
0.1318 200.0000  100000.0000
0.1267 210.0000  100000.0000
0.1221 220.0000  100000.0000
0.1181 230.0000  100000.0000
0.1144 240.0000  100000.0000
0.1112 250.0000  100000.0000
0.1082 260.0000  1.6171
0.1056 270.0000  2.0636
0.1031 280.0000  2.8645
0.1009 290.0000  2.7714
0.0989 300.0000  2.5748
0.0971 310.0000  2.2766
0.0954 320.0000  1.9785
0.0938 330.0000  1.5712
0.0922 340.0000  1.1532
0.0905 350.0000  0.9216
0.0896 360.0000  0.8351
0.0887 370.0000  0.7486
0.0878 380.0000  0.6621
0.0870 390.0000  0.5755
0.0862 400.0000  0.5219
0.0854 410.0000  0.4915
0.0846 420.0000  0.4611
0.0838 430.0000  0.4307
0.0830 440.0000  0.4003
0.0822 450.0000  0.3908
