140  0.10499087758846781
144.98008559527705  0.0973770113781507
151.04900693805274  0.09472578850364455
160.7472903337624  0.07151652945515001
171.0729288962183  0.08067122097345264
181.17424892770154  0.058950697050572
190.8558926135825  0.032037486501863215
201.15472981135255  0.02128212189971476
209.67070466442723  0.030089328734087328
221.23225449888977  0.052260883263515356
229.31750220670497  0.044173075146507125
241.43908624448488  0.03031670596078805
250.52805141081978  0.02187777435391819
260.25046873681526  0.0266078915918839
270.1622739052118  0.025052689903398796
280.47902101966764  0.02370707306529725
290.7788743829234  0.016067678313920645
301.08393559429345  0.012070121871106494
320.3000059913117  0.01059351549151221
341.1535000478817  0.013445429100243956
360.58906218981554  0.01655888835728469
380.41635612649424  0.015787896326864625
399.64093690945543  0.016393505402402652
419.84624440682194  0.009227818511543022
440.2818404073898  0.009021744158599373
461.108025016531  0.006675902865597629
481.3337828442977  0.005628608733295188
499.7534335418831  0.00638106155933741
551.5555176729063  0.006642481202847438
600.9203288864305  0.0057716426635932745
649.8696554369812  0.004051653991929716
700.4252855790835  0.002224135240255106
749.9840573796946  0.0016375743167027204
799.7427597396211  0.001149566060144731
850.5274081780674  0.001068879249764795
900.313292964737  0.0012837686989792775
950.5174568694658  0.0020167753728696576
999.9011941651615  0.002546903061341491