140  0.25434890029567914
145.21336553945252  0.22445600132919907
150.24557165861518  0.2005683692571086
159.8067632850242  0.172625151366451
170.37439613526575  0.14490586805266437
179.93558776167475  0.11214340945418977
190.50322061191633  0.07194714660360364
199.56119162640906  0.06309573444801936
209.1223832528181  0.04975452439781513
220.1932367149759  0.057448146086424075
230.25764895330116  0.05263407177031307
240.8252818035427  0.061154066245673155
249.3800322061192  0.04098922275813981
259.44444444444446  0.029429188080065297
270.01207729468604  0.030174355942071945
279.57326892109506  0.024093531016240247
290.14090177133664  0.01584893192461114
299.70209339774567  0.011379117902032164
319.3276972624799  0.012113172963864306
339.4565217391305  0.01676619022087207
359.5853462157811  0.01729852405286251
378.70772946859915  0.011237733612150356
399.3397745571659  0.010689546381829344
419.9718196457327  0.009672090733940873
439.597423510467  0.01479570782545899
459.72624798711763  0.012894581154334419
478.8486312399357  0.009551916069097449
499.98389694041873  0.008068398320628539
549.2995169082127  0.003716513773135054
599.6215780998391  0.003858560724253578
649.9436392914655  0.00413323018858519
698.7560386473432  0.003158984618771166
748.5748792270532  0.0020650573950442615
799.9033816425123  0.002052188239999374
849.7222222222224  0.002268068195301126
899.5410628019325  0.002475512698052781
951.3727858293076  0.0030237298441842747
1000.6884057971016  0.003238972344157179