65  89.7120287330749
67.741932854724  51.2448881388228
70.17045758676174  78.3048849139533
72.39344204646358  38.6147268963393
73.40963144802089  35.47259221900294
75.54345537203908  66.44370549845166
77.99584465017088  94.33448360986728
79.6106258735506  94.32761534830664
81.06078652353246  67.94674842798322
81.46135497816596  55.7448175999656
83.55957735071627  38.59505109185278
85.15050233138325  33.694643565458996
86.3454836409537  32.75366111694712
87.77331821690188  28.7573454771803
88.71307322109163  32.01802218104631
90.54581141757288  68.30520944853673
93.5657615360569  47.02336051033773
94.33597618862746  45.97030697403414
96.28874252977141  48.64125914187485
99.99147056900502  29.73603781991523
102.31129706982496  39.22716406369679
103.7455308701098  49.74086327562553
104.68507961580129  50.59028347137074
105.98200229918048  37.27600834578572
107.64795247265093  24.9480315313231
109.51657890627416  26.547562449434132
111.2359299423447  24.945125347171157
112.8881680887217  29.72322326955992
116.46003068654856  28.405381011683694
119.16740757186948  16.78673607412742
121.33435199177426  20.80955218012039
123.54277907381378  19.22437686236846
126.40765178234854  30.563343919847174
128.07676662777607  29.04540975608751
128.3932222235074  24.93241477147447
129.88009062152872  12.72020840988267
131.70360579189114  11.105319619671311
134.0968599138508  17.066789533502497
136.76221722465579  14.566533234185444
140.16322969054738  23.158065144684805
143.3049175937605  12.431365497835552
144.36759383127716  10.256678999834874
146.15400699516653  9.747307516583268
150.2816636486335  13.52957060717258
152.39132081573908  12.219579591575096
155.29487215680044  8.412742615455858
156.31685978341037  8.131900718798024
160.72851728246263  15.668728802067175
162.98372002262832  15.936023782356772
167.4558697900791  11.222051791680185
169.38907673344272  10.664768621095165
172.4705374516718  11.608126974113746
175.03798538417215  7.857458645029303
178.51808526085298  6.091666669199078
184.92477820897727  4.857867210210564
191.55234559935207  8.845388770699724
195.03907472974942  7.988823983087332
198.09627481180019  11.471932589474793
203.86034700050178  12.91713716482732
208.42680587907836  8.89288240571658
211.87327635250946  7.896657433781405
217.51397757624943  3.597761441649287
224.76175307420272  4.238409793585833
230.35106966375378  6.776491755775533
237.45443877948242  3.193912914334589
241.18328155970482  2.804227725081857
247.58242976391708  5.982238880761857
254.3695657445128  6.511192724736611
257.72790125490053  6.36526812722005
260.70089831178996  7.08697896646836
262.6315736684007  6.928291468489122
267.8528598808383  5.49419143301566
275.6637891064408  2.0888159483226194
280.90644701181634  2.6188292743594563
285.5493817887907  2.633527105877404
294.8162973532355  4.455407226382908
300.1796759444837  4.794974612228474
305.6453740876542  3.9337059694273133
309.9404433380642  2.770221093408736
316.6294982383907  1.3661353270195844
325.29830733058304  2.7077975798057365
330.6763597256631  2.5299973587593163
338.9126935352299  2.052171852808184
345.6447934949959  2.1714128137121853
355.1192566269501  2.4727853330894867
365.4476658088902  3.471333201551767
369.6667236279957  3.2803453530856124
379.8227580071547  1.2901906819073674
393.429086527958  3.0993056963204957
410.24149063289246  1.5026034296155775
421.1385440437178  1.9160538572338002
433.76688860848  1.0055166873488999
445.2873952392195  1.356786909705615
458.63245133075736  0.9446878823943691
462.7844583990715  1.0167195280069683
473.92050794709894  0.8926448938070048
480.96360137221393  0.9286397639120808
490.9238965284145  0.8434615912520004
496.59124385343574  0.8061212735840491
508.5463861979509  0.5839521398228429
530.6514555412034  2.1437250285479723
536.7753432536804  2.192678615327089
542.9749980751458  1.903529924154665
549.6922019577345  1.9034467681466598
569.8945299758154  1.1902691230396287
576.4709222398981  1.231297153277088
587.4494394652628  0.9875374698942333
591.316179641081  0.9332208608634613
600.6094358980922  0.6571952950305007