200   0.19916480638308542
252.64430341492914   0.10577906595432872
301.75279540646727   0.11963693186172121
353.3796716026999   0.11963693186172121
405.0065477989323   0.0773224539264427
504.4827238843559   0.028082130767373783
600.181323662738   0.007372247100847549
703.4350760552031   0.002448162739896672
802.9112521406267   0.001645479241723905
1000.6044122091267   0.0011184202853285307
1203.3343406870154   0.0009455782677689224
1503.022061045633   0.0010112545846375509
2000.4029414727515   0.0010226358349504667
2500.  0.0010112545846375509