90.0 13.8244505239
100.0 7.10119365109
110.0 7.08541860257
120.0 5.4184472888
130.0 3.12573611868
140.0 2.68017766704
160.0 1.4541786446
180.0 1.05245268969
200.0 0.781325114465
250.0 0.361796743226
350.0 0.0583652025602
400.0 0.0435265088501
450.0 0.0360327732252
500.0 0.0298591334869
600.0 0.0143195547246
700.0 0.00886241015989
800.0 0.00603651507464
900.0 0.00472319931262
1000.0 0.00371357849165
1200.0 0.00289266114268
1400.0 0.00282999193489
1600.0 0.00246333051444
1800.0 0.00242472272687
2000.0 0.00239257854805
2300.0 0.00216955266799
2600.0 0.00236606849197
2900.0 0.00244767935776
3200.0 0.00249693504064