90.0  13.762662531409664
100.15425838989383  7.075204559060421
109.99873116607644  6.974687161375874
120.59474829218838  5.352550525795749
130.2879205847231  3.1523386083359006
140.2342156956392  2.6360552682813476
159.80432974784995  1.44529086351415
179.76704000248333  1.0625478482518473
200.7424815133873  0.7700651457817518
250.7887272038646  0.3505441544007275
350.56025327438323  0.057363789367722025
398.7237095183408  0.04339698992146337
450.1750318650257  0.03551892849119679
499.0060577445024  0.02948997282562284
600.9001344966773  0.01421499484193346
701.3037922775744  0.00873899711198248
799.137826184002  0.006024078588027898
902.2635485743123  0.004791399040149715
994.6435425529601  0.003756814800760813
1188.862852786648  0.0028830742615218274
1400.199780000394  0.002781763209924506
1592.5273136174098  0.002445635599221556
1791.3646740989516  0.002410890465838291
1992.9355766852595  0.0023095888573418776
2287.5850566931786  0.002150123153128515
2596.9159931913387  0.0023428740579952982
2899.7246387546807  0.002445635599221556
3200  0.0024282008872986553