90.0  17.03144485491302
100.03065157411412  25.320261084895613
110.27020084319516  13.691771503515259
120.00328374952647  8.450862318959077
130.595464600154  4.825645950355907
141.08106017889102  2.8206739232991227
161.3487132282956  1.809843748574905
180.1692527876405  1.2949514425712874
200.8155145706808  0.8309327520889085
249.93611715531912  0.5761844477203083
349.9212287877832  0.11151685822399587
399.4555836819884  0.07381510365984326
450.17005051850595  0.06267297267259206
498.0796963754139  0.057074339758787125
596.4311053302579  0.04921260063477919
702.4807947607925  0.0352077765189397
800.449752621797  0.024418400258971566
900.416802486247  0.017201459854585207
1001.7551631367883  0.013512182732458326
1206.198528587403  0.008804865143087303
1399.923408214667  0.006498507122553296
1601.035888496977  0.0050256297331259395
1797.6783861373415  0.004233994698987345
2007.3687921178655  0.0038258115604846692
2295.746652117351  0.003707512571691384
2596.7445820260873  0.0035651135226140735
2904.9789619151593  0.0035092196325586375
3200  0.0033225236877005436
