       220.0          0.9311      
       221.0          0.8923      
       222.0          0.8535      
       223.0          0.8148      
       224.0          0.7760      
       225.0          0.7372      
       226.0          0.6984      
       227.0          0.6596      
       228.0          0.6208      
       229.0          0.5821      
       230.0          0.5433      
       231.0          0.5045      
       232.0          0.4657      
       233.0          0.4665      
       234.0          0.4672      
       235.0          0.4680      
       236.0          0.4687      
       237.0          0.4695      
       238.0          0.4702      
       239.0          0.5161      
       240.0          0.5620      
       241.0          0.6079      
       242.0          0.6537      
       243.0          0.6996      
       244.0          0.7215      
       245.0          0.7434      
       246.0          0.7653      
       247.0          0.7872      
       248.0          0.8091      
       249.0          0.7852      
       250.0          0.7612      
       251.0          0.7373      
       252.0          0.7134      
       253.0          0.6895      
       254.0          0.6988      
       255.0          0.7080      
       256.0          0.7173      
       257.0          0.7265      
       258.0          0.7358      
       259.0          0.7451      
       260.0          0.7543      
       261.0          0.7636      
       262.0          0.7728      
       263.0          0.7821      
       264.0          0.7759      
       265.0          0.7698      
       266.0          0.7636      
       267.0          0.7574      
       268.0          0.7513      
       269.0          0.7451      
       270.0          0.7207      
       271.0          0.6963      
       272.0          0.6719      
       273.0          0.6474      
       274.0          0.6714      
       275.0          0.6953      
       276.0          0.7192      
       277.0          0.7431      
       278.0          0.7671      
       279.0          0.7716      
       280.0          0.7761      
       281.0          0.7807      
       282.0          0.7852      
       283.0          0.7897      
       284.0          0.7710      
       285.0          0.7523      
       286.0          0.7336      
       287.0          0.7149      
       288.0          0.6962      
       289.0          0.6645      
       290.0          0.6327      
       291.0          0.6010      
       292.0          0.5692      
       293.0          0.5375      
       294.0          0.5057      
       295.0          0.4747      
       296.0          0.4438      
       297.0          0.4128      
       298.0          0.3818      
       299.0          0.3758      
       300.0          0.3697      
       301.0          0.3637      
       302.0          0.3577      
       303.0          0.3516      
       304.0          0.3442      
       305.0          0.3368      
       306.0          0.3294      
       307.0          0.3220      
       308.0          0.3145      
       309.0          0.3116      
       310.0          0.3086      
       311.0          0.3056      
       312.0          0.3026      
       313.0          0.2997      
       314.0          0.3074      
       315.0          0.3151      
       316.0          0.3228      
       317.0          0.3305      
       318.0          0.3382      
       319.0          0.3459      
       320.0          0.3537      
       321.0          0.3614      
       322.0          0.3691      
       323.0          0.3886      
       324.0          0.4082      
       325.0          0.4278      
       326.0          0.4473      
       327.0          0.4669      
       328.0          0.4865      
       329.0          0.4938      
       330.0          0.5011      
       331.0          0.5085      
       332.0          0.5158      
       333.0          0.5231      
       334.0          0.5130      
       335.0          0.5029      
       336.0          0.4928      
       337.0          0.4827      
       338.0          0.4725      
       339.0          0.4508      
       340.0          0.4290      
       341.0          0.4073      
       342.0          0.3855      
       343.0          0.3638      
       344.0          0.3397      
       345.0          0.3156      
       346.0          0.2915      
       347.0          0.2674      
       348.0          0.2433      
       349.0          0.2427      
       350.0          0.2420      
       351.0          0.2414      
       352.0          0.2408      
       353.0          0.2401      
       354.0          0.2395      
       355.0          0.2389      
       356.0          0.2382      
       357.0          0.2376      
       358.0          0.2370      
       359.0          0.2363      
       360.0          0.2449      
       361.0          0.2534      
       362.0          0.2619      
       363.0          0.2704      
       364.0          0.2789      
       365.0          0.2875      
       366.0          0.2960      
       367.0          0.3045      
       368.0          0.3130      
       369.0          0.3186      
       370.0          0.3242      
       371.0          0.3298      
       372.0          0.3354      
       373.0          0.3411      
       374.0          0.3467      
       375.0          0.3523      
       376.0          0.3579      
       377.0          0.3635      
       378.0          0.3691      
       379.0          0.3677      
       380.0          0.3662      
       381.0          0.3648      
       382.0          0.3634      
       383.0          0.3619      
       384.0          0.3605      
       385.0          0.3591      
       386.0          0.3576      
       387.0          0.3562      
       388.0          0.3548      
       389.0          0.3533      
       390.0          0.3486      
       391.0          0.3438      
       392.0          0.3391      
       393.0          0.3344      
       394.0          0.3296      
       395.0          0.3249      
       396.0          0.3201      
       397.0          0.3154      
       398.0          0.3106      
       399.0          0.3059      
       400.0          0.3011      
       401.0          0.2950      
       402.0          0.2888      
       403.0          0.2826      
       404.0          0.2765      
       405.0          0.2703      
       406.0          0.2642      
       407.0          0.2580      
       408.0          0.2518      
       409.0          0.2457      
       410.0          0.2390      
       411.0          0.2322      
       412.0          0.2255      
       413.0          0.2188      
       414.0          0.2121      
       415.0          0.2053      
       416.0          0.1986      
       417.0          0.1919      
       418.0          0.1852      
       419.0          0.1784      
       420.0          0.1727      
       421.0          0.1670      
       422.0          0.1613      
       423.0          0.1556      
       424.0          0.1499      
       425.0          0.1442      
       426.0          0.1385      
       427.0          0.1328      
       428.0          0.1271      
       429.0          0.1242      
       430.0          0.1214      
       431.0          0.1185      
       432.0          0.1156      
       433.0          0.1127      
       434.0          0.1099      
       435.0          0.1070      
       436.0          0.1041      
       437.0          0.1012      
       438.0          0.9834E-01  
       439.0          0.9757E-01  
       440.0          0.9680E-01  
       441.0          0.9603E-01  
       442.0          0.9527E-01  
       443.0          0.9450E-01  
       444.0          0.9373E-01  
       445.0          0.9297E-01  
       446.0          0.9220E-01  
       447.0          0.9143E-01  
       448.0          0.9067E-01  
       449.0          0.8990E-01  
       450.0          0.8913E-01  
       451.0          0.8837E-01  
       452.0          0.8760E-01  
       453.0          0.8683E-01  
       454.0          0.8607E-01  
       455.0          0.8530E-01  
       456.0          0.8453E-01  
       457.0          0.8376E-01  
       458.0          0.8300E-01  
       459.0          0.8288E-01  
       460.0          0.8276E-01  
       461.0          0.8264E-01  
       462.0          0.8252E-01  
       463.0          0.8240E-01  
       464.0          0.8228E-01  
       465.0          0.8216E-01  
       466.0          0.8204E-01  
       467.0          0.8192E-01  
       468.0          0.8180E-01  
       469.0          0.8234E-01  
       470.0          0.8289E-01  
       471.0          0.8343E-01  
       472.0          0.8398E-01  
       473.0          0.8452E-01  
       474.0          0.8507E-01  
       475.0          0.8561E-01  
       476.0          0.8616E-01  
       477.0          0.8670E-01  
       478.0          0.8724E-01  
       479.0          0.8779E-01  
       480.0          0.8833E-01  
       481.0          0.8888E-01  
       482.0          0.8942E-01  
       483.0          0.8997E-01  
       484.0          0.9051E-01  
       485.0          0.9105E-01  
       486.0          0.9160E-01  
       487.0          0.9214E-01  
       488.0          0.9269E-01  
       489.0          0.9323E-01  
       490.0          0.9192E-01  
       491.0          0.9060E-01  
       492.0          0.8929E-01  
       493.0          0.8798E-01  
       494.0          0.8666E-01  
       495.0          0.8535E-01  
       496.0          0.8403E-01  
       497.0          0.8272E-01  
       498.0          0.8140E-01  
       499.0          0.8176E-01  
       500.0          0.8211E-01  
       501.0          0.8246E-01  
       502.0          0.8281E-01  
       503.0          0.8317E-01  
       504.0          0.8352E-01  
       505.0          0.8387E-01  
       506.0          0.8422E-01  
       507.0          0.8457E-01  
       508.0          0.8493E-01  
       509.0          0.8528E-01  
       510.0          0.8563E-01  
       511.0          0.8598E-01  
       512.0          0.8633E-01  
       513.0          0.8669E-01  
       514.0          0.8704E-01  
       515.0          0.8739E-01  
       516.0          0.8774E-01  
       517.0          0.8810E-01  
       518.0          0.8845E-01  
       519.0          0.8880E-01  
       520.0          0.8915E-01  
       521.0          0.8950E-01  
       522.0          0.8986E-01  
       523.0          0.9021E-01  
       524.0          0.9056E-01  
       525.0          0.8892E-01  
       526.0          0.8729E-01  
       527.0          0.8565E-01  
       528.0          0.8402E-01  
       529.0          0.8238E-01  
       530.0          0.8075E-01  
       531.0          0.7911E-01  
       532.0          0.7747E-01  
       533.0          0.7584E-01  
       534.0          0.7420E-01  
       535.0          0.7257E-01  
       536.0          0.7093E-01  
       537.0          0.6929E-01  
       538.0          0.6766E-01  
       539.0          0.6602E-01  
       540.0          0.6439E-01  
       541.0          0.6275E-01  
       542.0          0.6111E-01  
       543.0          0.5948E-01  
       544.0          0.5784E-01  
       545.0          0.5621E-01  
       546.0          0.5457E-01  
       547.0          0.5293E-01  
       548.0          0.5130E-01  
       549.0          0.4966E-01  
       550.0          0.4927E-01  
       551.0          0.4888E-01  
       552.0          0.4850E-01  
       553.0          0.4811E-01  
       554.0          0.4772E-01  
       555.0          0.4733E-01  
       556.0          0.4694E-01  
       557.0          0.4655E-01  
       558.0          0.4616E-01  
       559.0          0.4577E-01  
       560.0          0.4538E-01  
       561.0          0.4499E-01  
       562.0          0.4460E-01  
       563.0          0.4422E-01  
       564.0          0.4383E-01  
       565.0          0.4344E-01  
       566.0          0.4305E-01  
       567.0          0.4266E-01  
       568.0          0.4227E-01  
       569.0          0.4188E-01  
       570.0          0.4149E-01  
       571.0          0.4110E-01  
       572.0          0.4071E-01  
       573.0          0.4032E-01  
       574.0          0.4035E-01  
       575.0          0.4038E-01  
       576.0          0.4041E-01  
       577.0          0.4044E-01  
       578.0          0.4048E-01  
       579.0          0.4051E-01  
       580.0          0.4054E-01  
       581.0          0.4057E-01  
       582.0          0.4060E-01  
       583.0          0.4063E-01  
       584.0          0.4066E-01  
       585.0          0.4069E-01  
       586.0          0.4072E-01  
       587.0          0.4075E-01  
       588.0          0.4078E-01  
       589.0          0.4081E-01  
       590.0          0.4084E-01  
       591.0          0.4087E-01  
       592.0          0.4090E-01  
       593.0          0.4093E-01  
       594.0          0.4096E-01  
       595.0          0.4099E-01  
       596.0          0.4102E-01  
       597.0          0.4105E-01  
       598.0          0.4108E-01  
       599.0          0.4111E-01  
       600.0          0.4097E-01  
       601.0          0.4082E-01  
       602.0          0.4068E-01  
       603.0          0.4053E-01  
       604.0          0.4039E-01  
       605.0          0.4024E-01  
       606.0          0.4010E-01  
       607.0          0.3996E-01  
       608.0          0.3981E-01  
       609.0          0.3967E-01  
       610.0          0.3952E-01  
       611.0          0.3938E-01  
       612.0          0.3923E-01  
       613.0          0.3909E-01  
       614.0          0.3894E-01  
       615.0          0.3880E-01  
       616.0          0.3865E-01  
       617.0          0.3851E-01  
       618.0          0.3836E-01  
       619.0          0.3822E-01  
       620.0          0.3808E-01  
       621.0          0.3793E-01  
       622.0          0.3779E-01  
       623.0          0.3764E-01  
       624.0          0.3750E-01  
       625.0          0.3749E-01  
       626.0          0.3748E-01  
       627.0          0.3747E-01  
       628.0          0.3747E-01  
       629.0          0.3746E-01  
       630.0          0.3745E-01  
       631.0          0.3744E-01  
       632.0          0.3743E-01  
       633.0          0.3743E-01  
       634.0          0.3742E-01  
       635.0          0.3741E-01  
       636.0          0.3740E-01  
       637.0          0.3739E-01  
       638.0          0.3739E-01  
       639.0          0.3738E-01  
       640.0          0.3737E-01  
       641.0          0.3736E-01  
       642.0          0.3736E-01  
       643.0          0.3735E-01  
       644.0          0.3734E-01  
       645.0          0.3733E-01  
       646.0          0.3732E-01  
       647.0          0.3732E-01  
       648.0          0.3741E-01  
       649.0          0.3751E-01  
       650.0          0.3761E-01  
       651.0          0.3770E-01  
       652.0          0.3780E-01  
       653.0          0.3790E-01  
       654.0          0.3799E-01  
       655.0          0.3809E-01  
       656.0          0.3819E-01  
       657.0          0.3829E-01  
       658.0          0.3838E-01  
       659.0          0.3848E-01  
       660.0          0.3858E-01  
       661.0          0.3867E-01  
       662.0          0.3877E-01  
       663.0          0.3887E-01  
       664.0          0.3896E-01  
       665.0          0.3906E-01  
       666.0          0.3916E-01  
       667.0          0.3926E-01  
       668.0          0.3935E-01  
       669.0          0.3945E-01  
       670.0          0.3955E-01  
       671.0          0.3964E-01  
       672.0          0.3974E-01  
       673.0          0.3984E-01  
       674.0          0.3993E-01  
       675.0          0.4035E-01  
       676.0          0.4077E-01  
       677.0          0.4118E-01  
       678.0          0.4160E-01  
       679.0          0.4201E-01  
       680.0          0.4243E-01  
       681.0          0.4284E-01  
       682.0          0.4326E-01  
       683.0          0.4367E-01  
       684.0          0.4409E-01  
       685.0          0.4450E-01  
       686.0          0.4492E-01  
       687.0          0.4533E-01  
       688.0          0.4575E-01  
       689.0          0.4617E-01  
       690.0          0.4658E-01  
       691.0          0.4700E-01  
       692.0          0.4741E-01  
       693.0          0.4783E-01  
       694.0          0.4824E-01  
       695.0          0.4866E-01  
       696.0          0.4907E-01  
       697.0          0.4949E-01  
       698.0          0.4990E-01  
       699.0          0.5003E-01  
       700.0          0.5015E-01  
       701.0          0.5028E-01  
       702.0          0.5040E-01  
       703.0          0.5053E-01  
       704.0          0.5065E-01  
       705.0          0.5078E-01  
       706.0          0.5090E-01  
       707.0          0.5103E-01  
       708.0          0.5115E-01  
       709.0          0.5128E-01  
       710.0          0.5140E-01  
       711.0          0.5153E-01  
       712.0          0.5165E-01  
       713.0          0.5178E-01  
       714.0          0.5190E-01  
       715.0          0.5203E-01  
       716.0          0.5215E-01  
       717.0          0.5228E-01  
       718.0          0.5240E-01  
       719.0          0.5252E-01  
       720.0          0.5265E-01  
       721.0          0.5277E-01  
       722.0          0.5290E-01  
       723.0          0.5302E-01  
       724.0          0.5315E-01  
       725.0          0.5297E-01  
       726.0          0.5279E-01  
       727.0          0.5262E-01  
       728.0          0.5244E-01  
       729.0          0.5226E-01  
       730.0          0.5208E-01  
       731.0          0.5191E-01  
       732.0          0.5173E-01  
       733.0          0.5155E-01  
       734.0          0.5137E-01  
       735.0          0.5120E-01  
       736.0          0.5102E-01  
       737.0          0.5084E-01  
       738.0          0.5066E-01  
       739.0          0.5049E-01  
       740.0          0.5031E-01  
       741.0          0.5013E-01  
       742.0          0.4995E-01  
       743.0          0.4978E-01  
       744.0          0.4960E-01  
       745.0          0.4942E-01  
       746.0          0.4924E-01  
       747.0          0.4907E-01  
       748.0          0.4889E-01  
       749.0          0.4871E-01  
       750.0          0.4819E-01  
       751.0          0.4767E-01  
       752.0          0.4716E-01  
       753.0          0.4664E-01  
       754.0          0.4612E-01  
       755.0          0.4560E-01  
       756.0          0.4509E-01  
       757.0          0.4457E-01  
       758.0          0.4405E-01  
       759.0          0.4353E-01  
       760.0          0.4302E-01  
       761.0          0.4250E-01  
       762.0          0.4198E-01  
       763.0          0.4146E-01  
       764.0          0.4095E-01  
       765.0          0.4043E-01  
       766.0          0.3991E-01  
       767.0          0.3939E-01  
       768.0          0.3888E-01  
       769.0          0.3836E-01  
       770.0          0.3784E-01  
       771.0          0.3732E-01  
       772.0          0.3680E-01  
       773.0          0.3629E-01  
       774.0          0.3577E-01  
       775.0          0.3525E-01  
       776.0          0.3473E-01  
       777.0          0.3422E-01  
       778.0          0.3370E-01  
       779.0          0.3318E-01  
       780.0          0.3266E-01  
       781.0          0.3215E-01  
       782.0          0.3163E-01  
       783.0          0.3111E-01  
       784.0          0.3059E-01  
       785.0          0.3008E-01  
       786.0          0.2956E-01  
       787.0          0.2904E-01  
       788.0          0.2852E-01  
       789.0          0.2801E-01  
       790.0          0.2749E-01  
       791.0          0.2697E-01  
       792.0          0.2645E-01  
       793.0          0.2594E-01  
       794.0          0.2542E-01  
       795.0          0.2490E-01  
       796.0          0.2438E-01  
       797.0          0.2386E-01  
       798.0          0.2335E-01  
       799.0          0.2283E-01  
       800.0          0.2231E-01  
       801.0          0.2179E-01  
       802.0          0.2149E-01  
       803.0          0.2118E-01  
       804.0          0.2087E-01  
       805.0          0.2056E-01  
       806.0          0.2026E-01  
       807.0          0.1995E-01  
       808.0          0.1964E-01  
       809.0          0.1933E-01  
       810.0          0.1903E-01  
       811.0          0.1872E-01  
       812.0          0.1841E-01  
       813.0          0.1810E-01  
       814.0          0.1780E-01  
       815.0          0.1749E-01  
       816.0          0.1718E-01  
       817.0          0.1687E-01  
       818.0          0.1657E-01  
       819.0          0.1626E-01  
       820.0          0.1595E-01  
       821.0          0.1564E-01  
       822.0          0.1534E-01  
       823.0          0.1503E-01  
       824.0          0.1472E-01  
       825.0          0.1464E-01  
       826.0          0.1457E-01  
       827.0          0.1449E-01  
       828.0          0.1441E-01  
       829.0          0.1433E-01  
       830.0          0.1426E-01  
       831.0          0.1418E-01  
       832.0          0.1410E-01  
       833.0          0.1403E-01  
       834.0          0.1395E-01  
       835.0          0.1387E-01  
       836.0          0.1379E-01  
       837.0          0.1372E-01  
       838.0          0.1364E-01  
       839.0          0.1356E-01  
       840.0          0.1349E-01  
       841.0          0.1341E-01  
       842.0          0.1333E-01  
       843.0          0.1325E-01  
       844.0          0.1318E-01  
       845.0          0.1310E-01  
       846.0          0.1302E-01  
       847.0          0.1294E-01  
       848.0          0.1287E-01  
       849.0          0.1279E-01  
       850.0          0.1288E-01  
       851.0          0.1296E-01  
       852.0          0.1305E-01  
       853.0          0.1314E-01  
       854.0          0.1322E-01  
       855.0          0.1331E-01  
       856.0          0.1339E-01  
       857.0          0.1348E-01  
       858.0          0.1357E-01  
       859.0          0.1365E-01  
       860.0          0.1374E-01  
       861.0          0.1382E-01  
       862.0          0.1391E-01  
       863.0          0.1400E-01  
       864.0          0.1408E-01  
       865.0          0.1417E-01  
       866.0          0.1426E-01  
       867.0          0.1434E-01  
       868.0          0.1443E-01  
       869.0          0.1451E-01  
       870.0          0.1460E-01  
       871.0          0.1469E-01  
       872.0          0.1477E-01  
       873.0          0.1486E-01  
       874.0          0.1495E-01  
       875.0          0.1503E-01  
       876.0          0.1512E-01  
       877.0          0.1520E-01  
       878.0          0.1529E-01  
       879.0          0.1538E-01  
       880.0          0.1546E-01  
       881.0          0.1555E-01  
       882.0          0.1563E-01  
       883.0          0.1572E-01  
       884.0          0.1581E-01  
       885.0          0.1589E-01  
       886.0          0.1598E-01  
       887.0          0.1607E-01  
       888.0          0.1615E-01  
       889.0          0.1624E-01  
       890.0          0.1632E-01  
       891.0          0.1641E-01  
       892.0          0.1650E-01  
       893.0          0.1658E-01  
       894.0          0.1667E-01  
       895.0          0.1675E-01  
       896.0          0.1684E-01  
       897.0          0.1693E-01  
       898.0          0.1701E-01  
       899.0          0.1710E-01  
       900.0          0.1719E-01  
       901.0          0.1727E-01  
       902.0          0.1742E-01  
       903.0          0.1757E-01  
       904.0          0.1772E-01  
       905.0          0.1787E-01  
       906.0          0.1802E-01  
       907.0          0.1817E-01  
       908.0          0.1832E-01  
       909.0          0.1847E-01  
       910.0          0.1862E-01  
       911.0          0.1877E-01  
       912.0          0.1892E-01  
       913.0          0.1907E-01  
       914.0          0.1922E-01  
       915.0          0.1937E-01  
       916.0          0.1952E-01  
       917.0          0.1967E-01  
       918.0          0.1982E-01  
       919.0          0.1997E-01  
       920.0          0.2012E-01  
       921.0          0.2027E-01  
       922.0          0.2042E-01  
       923.0          0.2057E-01  
       924.0          0.2072E-01  
       925.0          0.2087E-01  
       926.0          0.2102E-01  
       927.0          0.2117E-01  
       928.0          0.2128E-01  
       929.0          0.2140E-01  
       930.0          0.2151E-01  
       931.0          0.2162E-01  
       932.0          0.2174E-01  
       933.0          0.2185E-01  
       934.0          0.2196E-01  
       935.0          0.2208E-01  
       936.0          0.2219E-01  
       937.0          0.2231E-01  
       938.0          0.2242E-01  
       939.0          0.2253E-01  
       940.0          0.2265E-01  
       941.0          0.2276E-01  
       942.0          0.2287E-01  
       943.0          0.2299E-01  
       944.0          0.2310E-01  
       945.0          0.2321E-01  
       946.0          0.2333E-01  
       947.0          0.2344E-01  
       948.0          0.2355E-01  
       949.0          0.2367E-01  
       950.0          0.2378E-01  
       951.0          0.2390E-01  
       952.0          0.2395E-01  
       953.0          0.2400E-01  
       954.0          0.2405E-01  
       955.0          0.2410E-01  
       956.0          0.2415E-01  
       957.0          0.2420E-01  
       958.0          0.2425E-01  
       959.0          0.2430E-01  
       960.0          0.2435E-01  
       961.0          0.2440E-01  
       962.0          0.2445E-01  
       963.0          0.2450E-01  
       964.0          0.2455E-01  
       965.0          0.2461E-01  
       966.0          0.2466E-01  
       967.0          0.2471E-01  
       968.0          0.2476E-01  
       969.0          0.2481E-01  
       970.0          0.2486E-01  
       971.0          0.2491E-01  
       972.0          0.2496E-01  
       973.0          0.2503E-01  
       974.0          0.2509E-01  
       975.0          0.2516E-01  
       976.0          0.2523E-01  
       977.0          0.2530E-01  
       978.0          0.2536E-01  
       979.0          0.2543E-01  
       980.0          0.2550E-01  
       981.0          0.2557E-01  
       982.0          0.2563E-01  
       983.0          0.2570E-01  
       984.0          0.2577E-01  
       985.0          0.2583E-01  
       986.0          0.2590E-01  
       987.0          0.2597E-01  
       988.0          0.2604E-01  
       989.0          0.2610E-01  
       990.0          0.2617E-01  
       991.0          0.2624E-01  
       992.0          0.2630E-01  
       993.0          0.2637E-01  
       994.0          0.2644E-01  
       995.0          0.2651E-01  
       996.0          0.2657E-01  
       997.0          0.2664E-01  
       998.0          0.2671E-01  
       999.0          0.2677E-01  
       1000.          0.2684E-01  
