 130 130  10000
 130 140  10000
 130 150  10000
 130 160  10000
 130 170  10000
 130 180  10000
 130 190  10000
 130 200  10000
 130 210  10000
 130 220  10000
 130 230  0.427
 130 240  0.573
 130 250  0.287
 130 260  0.288
 130 270  0.405
 130 280  0.396
 130 290  0.275
 130 300    0.2
 130 310  0.162
 130 320  0.192
 130 330  0.262
 130 340  0.273
 130 350  0.215
 130 360  0.142
 130 370  0.143
 130 380  0.148
 130 390   0.18
 130 400   0.14
 130 410  0.141
 130 420  0.193
 130 430  0.174
 130 440  0.227
 130 450  0.225
 130 460  0.205
 130 470  0.178
 130 480  0.199
 130 490  0.211
 130 500  0.217
 130 510  0.253
 130 520  0.232
 130 530  0.158
 130 540  0.158
 130 550  0.119
 130 560  0.129
 130 570  0.134
 130 580  0.116
 130 590  0.128
 130 600  0.118
 130 610   0.11
 130 620  0.102
 130 630 0.0707
 130 640 0.0634
 130 650 0.0631
 130 660 0.0889
 130 670 0.0807
 130 680 0.0955
 130 690  0.132
 130 700  0.119
 130 710  0.094
 130 720 0.0875
 130 730 0.0761
 130 740 0.0591
 130 750 0.0572
 130 760 0.0584
 130 770 0.0571
 130 780 0.0665
 130 790 0.0537
 130 800 0.0564
 140 130  10000
 140 140  10000
 140 150  10000
 140 160  10000
 140 170  10000
 140 180  10000
 140 190  10000
 140 200  10000
 140 210  10000
 140 220  10000
 140 230  10000
 140 240   0.37
 140 250  0.424
 140 260  0.353
 140 270  0.301
 140 280  0.344
 140 290  0.387
 140 300  0.278
 140 310  0.207
 140 320  0.167
 140 330  0.152
 140 340  0.187
 140 350  0.219
 140 360  0.177
 140 370  0.141
 140 380  0.123
 140 390  0.146
 140 400   0.14
 140 410  0.153
 140 420  0.172
 140 430  0.213
 140 440  0.251
 140 450   0.19
 140 460  0.226
 140 470   0.18
 140 480  0.182
 140 490  0.148
 140 500   0.14
 140 510  0.151
 140 520  0.171
 140 530  0.197
 140 540  0.177
 140 550  0.145
 140 560  0.131
 140 570  0.128
 140 580  0.132
 140 590  0.113
 140 600 0.0977
 140 610 0.0767
 140 620 0.0706
 140 630 0.0679
 140 640 0.0622
 140 650 0.0681
 140 660 0.0539
 140 670 0.0492
 140 680 0.0449
 140 690 0.0499
 140 700 0.0666
 140 710 0.0787
 140 720 0.0867
 140 730 0.0718
 140 740 0.0587
 140 750 0.0398
 140 760 0.0321
 140 770 0.0322
 140 780 0.0326
 140 790 0.0316
 140 800 0.0318
 150 130  10000
 150 140  10000
 150 150  10000
 150 160  10000
 150 170  10000
 150 180  10000
 150 190  10000
 150 200  10000
 150 210  10000
 150 220  10000
 150 230  10000
 150 240  10000
 150 250  0.404
 150 260  0.283
 150 270  0.334
 150 280  0.259
 150 290  0.273
 150 300  0.355
 150 310  0.219
 150 320  0.234
 150 330  0.152
 150 340  0.148
 150 350  0.187
 150 360  0.198
 150 370  0.224
 150 380   0.15
 150 390  0.128
 150 400  0.124
 150 410  0.146
 150 420  0.129
 150 430  0.152
 150 440  0.195
 150 450  0.234
 150 460  0.263
 150 470  0.242
 150 480  0.212
 150 490   0.17
 150 500  0.151
 150 510  0.133
 150 520  0.109
 150 530   0.13
 150 540  0.126
 150 550  0.137
 150 560  0.121
 150 570 0.0853
 150 580  0.084
 150 590 0.0933
 150 600 0.0818
 150 610 0.0782
 150 620 0.0729
 150 630 0.0689
 150 640 0.0544
 150 650 0.0557
 150 660 0.0443
 150 670 0.0515
 150 680 0.0421
 150 690 0.0401
 150 700 0.0386
 150 710 0.0433
 150 720 0.0389
 150 730 0.0486
 150 740 0.0577
 150 750 0.0607
 150 760 0.0514
 150 770 0.0491
 150 780 0.0347
 150 790 0.0291
 150 800 0.0276
 160 130  10000
 160 140  10000
 160 150  10000
 160 160  10000
 160 170  10000
 160 180  10000
 160 190  10000
 160 200  10000
 160 210  10000
 160 220  10000
 160 230  10000
 160 240  10000
 160 250  10000
 160 260  0.294
 160 270  0.244
 160 280  0.246
 160 290  0.264
 160 300  0.248
 160 310  0.314
 160 320  0.187
 160 330  0.193
 160 340  0.147
 160 350  0.125
 160 360  0.141
 160 370  0.141
 160 380  0.162
 160 390  0.163
 160 400   0.13
 160 410  0.136
 160 420  0.164
 160 430  0.122
 160 440  0.127
 160 450  0.145
 160 460  0.161
 160 470   0.23
 160 480  0.197
 160 490  0.184
 160 500  0.151
 160 510  0.137
 160 520  0.117
 160 530  0.106
 160 540 0.0897
 160 550    0.1
 160 560  0.101
 160 570  0.118
 160 580  0.117
 160 590 0.0807
 160 600 0.0837
 160 610 0.0759
 160 620 0.0674
 160 630 0.0677
 160 640 0.0651
 160 650  0.061
 160 660 0.0715
 160 670 0.0609
 160 680 0.0647
 160 690 0.0601
 160 700 0.0403
 160 710  0.039
 160 720  0.042
 160 730 0.0404
 160 740 0.0454
 160 750 0.0572
 160 760 0.0589
 160 770 0.0561
 160 780 0.0435
 160 790 0.0432
 160 800 0.0298
 170 130  10000
 170 140  10000
 170 150  10000
 170 160  10000
 170 170  10000
 170 180  10000
 170 190  10000
 170 200  10000
 170 210  10000
 170 220  10000
 170 230  10000
 170 240  10000
 170 250  10000
 170 260  10000
 170 270  0.234
 170 280  0.285
 170 290   0.49
 170 300  0.418
 170 310  0.222
 170 320  0.231
 170 330  0.154
 170 340  0.211
 170 350  0.147
 170 360  0.146
 170 370  0.155
 170 380  0.122
 170 390  0.132
 170 400  0.125
 170 410 0.0993
 170 420  0.113
 170 430  0.119
 170 440  0.111
 170 450 0.0882
 170 460  0.108
 170 470  0.124
 170 480   0.16
 170 490  0.166
 170 500  0.141
 170 510  0.143
 170 520  0.113
 170 530  0.124
 170 540 0.0871
 170 550 0.0863
 170 560 0.0783
 170 570 0.0824
 170 580 0.0986
 170 590   0.11
 170 600  0.115
 170 610 0.0937
 170 620 0.0874
 170 630 0.0887
 170 640 0.0755
 170 650  0.072
 170 660 0.0732
 170 670 0.0689
 170 680 0.0838
 170 690 0.0746
 170 700 0.0847
 170 710 0.0677
 170 720 0.0447
 170 730 0.0332
 170 740 0.0366
 170 750 0.0349
 170 760 0.0433
 170 770 0.0486
 170 780 0.0612
 170 790 0.0542
 170 800 0.0576
 180 130  10000
 180 140  10000
 180 150  10000
 180 160  10000
 180 170  10000
 180 180  10000
 180 190  10000
 180 200  10000
 180 210  10000
 180 220  10000
 180 230  10000
 180 240  10000
 180 250  10000
 180 260  10000
 180 270  10000
 180 280  0.215
 180 290  0.233
 180 300  0.498
 180 310  0.295
 180 320  0.194
 180 330  0.221
 180 340  0.168
 180 350  0.184
 180 360  0.131
 180 370  0.155
 180 380  0.192
 180 390  0.128
 180 400  0.129
 180 410  0.166
 180 420  0.104
 180 430  0.112
 180 440    0.1
 180 450 0.0952
 180 460 0.0711
 180 470 0.0788
 180 480 0.0697
 180 490 0.0931
 180 500 0.0989
 180 510  0.112
 180 520  0.144
 180 530  0.111
 180 540  0.101
 180 550 0.0877
 180 560 0.0639
 180 570 0.0447
 180 580 0.0562
 180 590 0.0473
 180 600 0.0562
 180 610  0.077
 180 620 0.0624
 180 630 0.0553
 180 640  0.056
 180 650 0.0596
 180 660  0.057
 180 670 0.0578
 180 680 0.0675
 180 690 0.0574
 180 700 0.0694
 180 710  0.059
 180 720 0.0721
 180 730 0.0586
 180 740 0.0469
 180 750 0.0375
 180 760 0.0441
 180 770 0.0357
 180 780 0.0526
 180 790 0.0571
 180 800 0.0634
 190 130  10000
 190 140  10000
 190 150  10000
 190 160  10000
 190 170  10000
 190 180  10000
 190 190  10000
 190 200  10000
 190 210  10000
 190 220  10000
 190 230  10000
 190 240  10000
 190 250  10000
 190 260  10000
 190 270  10000
 190 280  10000
 190 290  0.214
 190 300  0.191
 190 310    0.4
 190 320  0.294
 190 330  0.145
 190 340  0.166
 190 350  0.186
 190 360  0.191
 190 370  0.128
 190 380  0.142
 190 390  0.201
 190 400  0.164
 190 410  0.176
 190 420  0.178
 190 430  0.143
 190 440 0.0972
 190 450 0.0953
 190 460  0.083
 190 470 0.0645
 190 480   0.05
 190 490  0.056
 190 500 0.0575
 190 510 0.0543
 190 520 0.0666
 190 530 0.0962
 190 540 0.0956
 190 550 0.0889
 190 560 0.0792
 190 570 0.0627
 190 580 0.0556
 190 590 0.0422
 190 600 0.0437
 190 610 0.0417
 190 620 0.0506
 190 630 0.0618
 190 640 0.0554
 190 650 0.0608
 190 660 0.0619
 190 670 0.0616
 190 680 0.0639
 190 690 0.0587
 190 700 0.0719
 190 710 0.0557
 190 720 0.0633
 190 730 0.0488
 190 740 0.0615
 190 750 0.0518
 190 760 0.0404
 190 770 0.0292
 190 780 0.0378
 190 790 0.0294
 190 800 0.0336
 200 130  10000
 200 140  10000
 200 150  10000
 200 160  10000
 200 170  10000
 200 180  10000
 200 190  10000
 200 200  10000
 200 210  10000
 200 220  10000
 200 230  10000
 200 240  10000
 200 250  10000
 200 260  10000
 200 270  10000
 200 280  10000
 200 290  10000
 200 300  0.258
 200 310  0.229
 200 320  0.368
 200 330  0.262
 200 340  0.199
 200 350  0.206
 200 360  0.247
 200 370  0.191
 200 380  0.167
 200 390  0.189
 200 400  0.211
 200 410  0.194
 200 420  0.162
 200 430  0.207
 200 440  0.163
 200 450  0.109
 200 460  0.098
 200 470 0.0981
 200 480 0.0896
 200 490 0.0646
 200 500 0.0613
 200 510  0.056
 200 520 0.0614
 200 530 0.0522
 200 540 0.0597
 200 550 0.0822
 200 560 0.0855
 200 570 0.0888
 200 580 0.0871
 200 590 0.0581
 200 600 0.0496
 200 610 0.0476
 200 620 0.0389
 200 630 0.0457
 200 640 0.0566
 200 650 0.0584
 200 660 0.0552
 200 670 0.0603
 200 680 0.0741
 200 690 0.0628
 200 700 0.0603
 200 710 0.0643
 200 720 0.0723
 200 730 0.0649
 200 740 0.0788
 200 750 0.0657
 200 760 0.0698
 200 770 0.0581
 200 780 0.0385
 200 790   0.03
 200 800 0.0338
 210 130  10000
 210 140  10000
 210 150  10000
 210 160  10000
 210 170  10000
 210 180  10000
 210 190  10000
 210 200  10000
 210 210  10000
 210 220  10000
 210 230  10000
 210 240  10000
 210 250  10000
 210 260  10000
 210 270  10000
 210 280  10000
 210 290  10000
 210 300  10000
 210 310  0.293
 210 320   0.29
 210 330  0.324
 210 340  0.269
 210 350  0.239
 210 360  0.249
 210 370  0.294
 210 380  0.201
 210 390  0.189
 210 400  0.211
 210 410  0.226
 210 420  0.232
 210 430  0.168
 210 440  0.202
 210 450  0.154
 210 460  0.121
 210 470  0.109
 210 480  0.118
 210 490  0.127
 210 500 0.0923
 210 510 0.0738
 210 520 0.0617
 210 530 0.0677
 210 540 0.0593
 210 550  0.062
 210 560 0.0849
 210 570 0.0868
 210 580  0.105
 210 590  0.113
 210 600   0.09
 210 610 0.0832
 210 620   0.06
 210 630 0.0568
 210 640 0.0462
 210 650 0.0513
 210 660 0.0636
 210 670 0.0688
 210 680 0.0601
 210 690 0.0761
 210 700  0.073
 210 710  0.057
 210 720 0.0619
 210 730 0.0604
 210 740 0.0632
 210 750 0.0693
 210 760 0.0767
 210 770 0.0667
 210 780  0.071
 210 790 0.0511
 210 800 0.0414
 220 130  10000
 220 140  10000
 220 150  10000
 220 160  10000
 220 170  10000
 220 180  10000
 220 190  10000
 220 200  10000
 220 210  10000
 220 220  10000
 220 230  10000
 220 240  10000
 220 250  10000
 220 260  10000
 220 270  10000
 220 280  10000
 220 290  10000
 220 300  10000
 220 310  10000
 220 320  0.267
 220 330  0.192
 220 340   0.32
 220 350  0.251
 220 360  0.235
 220 370  0.192
 220 380  0.282
 220 390  0.182
 220 400  0.205
 220 410  0.185
 220 420  0.193
 220 430  0.203
 220 440   0.17
 220 450  0.196
 220 460  0.183
 220 470  0.118
 220 480  0.129
 220 490  0.128
 220 500  0.119
 220 510  0.108
 220 520  0.085
 220 530 0.0767
 220 540 0.0717
 220 550 0.0689
 220 560 0.0624
 220 570 0.0615
 220 580 0.0681
 220 590 0.0886
 220 600 0.0949
 220 610 0.0877
 220 620 0.0728
 220 630 0.0652
 220 640 0.0533
 220 650 0.0506
 220 660 0.0456
 220 670  0.059
 220 680 0.0674
 220 690 0.0772
 220 700  0.074
 220 710 0.0724
 220 720 0.0598
 220 730 0.0535
 220 740  0.056
 220 750 0.0511
 220 760 0.0559
 220 770  0.063
 220 780 0.0621
 220 790 0.0671
 220 800  0.076
 230 130  0.427
 230 140  10000
 230 150  10000
 230 160  10000
 230 170  10000
 230 180  10000
 230 190  10000
 230 200  10000
 230 210  10000
 230 220  10000
 230 230  10000
 230 240  10000
 230 250  10000
 230 260  10000
 230 270  10000
 230 280  10000
 230 290  10000
 230 300  10000
 230 310  10000
 230 320  10000
 230 330  0.223
 230 340   0.18
 230 350  0.366
 230 360  0.257
 230 370  0.201
 230 380  0.131
 230 390  0.161
 230 400  0.162
 230 410  0.218
 230 420  0.194
 230 430  0.196
 230 440  0.204
 230 450  0.148
 230 460  0.155
 230 470  0.164
 230 480  0.112
 230 490  0.133
 230 500  0.119
 230 510  0.121
 230 520 0.0959
 230 530 0.0839
 230 540 0.0865
 230 550 0.0644
 230 560 0.0823
 230 570 0.0663
 230 580 0.0606
 230 590 0.0659
 230 600 0.0771
 230 610 0.0932
 230 620  0.106
 230 630 0.0811
 230 640  0.063
 230 650 0.0507
 230 660 0.0512
 230 670 0.0447
 230 680 0.0614
 230 690 0.0867
 230 700 0.0852
 230 710 0.0922
 230 720 0.0922
 230 730 0.0752
 230 740 0.0612
 230 750 0.0656
 230 760 0.0653
 230 770 0.0559
 230 780 0.0578
 230 790 0.0537
 230 800 0.0567
 240 130  0.573
 240 140   0.37
 240 150  10000
 240 160  10000
 240 170  10000
 240 180  10000
 240 190  10000
 240 200  10000
 240 210  10000
 240 220  10000
 240 230  10000
 240 240  10000
 240 250  10000
 240 260  10000
 240 270  10000
 240 280  10000
 240 290  10000
 240 300  10000
 240 310  10000
 240 320  10000
 240 330  10000
 240 340  0.194
 240 350   0.11
 240 360  0.274
 240 370  0.188
 240 380  0.149
 240 390  0.109
 240 400  0.146
 240 410  0.202
 240 420  0.232
 240 430  0.198
 240 440  0.211
 240 450  0.165
 240 460  0.113
 240 470  0.112
 240 480  0.143
 240 490   0.11
 240 500  0.118
 240 510   0.13
 240 520  0.134
 240 530  0.126
 240 540  0.104
 240 550 0.0889
 240 560   0.08
 240 570 0.0768
 240 580  0.063
 240 590 0.0505
 240 600 0.0537
 240 610 0.0592
 240 620 0.0652
 240 630 0.0753
 240 640 0.0675
 240 650 0.0521
 240 660 0.0451
 240 670 0.0415
 240 680 0.0403
 240 690 0.0402
 240 700 0.0441
 240 710 0.0594
 240 720 0.0632
 240 730 0.0686
 240 740  0.071
 240 750 0.0642
 240 760 0.0649
 240 770 0.0599
 240 780 0.0497
 240 790 0.0565
 240 800 0.0474
 250 130  0.287
 250 140  0.424
 250 150  0.404
 250 160  10000
 250 170  10000
 250 180  10000
 250 190  10000
 250 200  10000
 250 210  10000
 250 220  10000
 250 230  10000
 250 240  10000
 250 250  10000
 250 260  10000
 250 270  10000
 250 280  10000
 250 290  10000
 250 300  10000
 250 310  10000
 250 320  10000
 250 330  10000
 250 340  10000
 250 350  0.251
 250 360  0.113
 250 370  0.225
 250 380  0.173
 250 390  0.137
 250 400  0.101
 250 410   0.15
 250 420  0.212
 250 430  0.226
 250 440  0.203
 250 450  0.199
 250 460  0.136
 250 470  0.105
 250 480  0.114
 250 490  0.147
 250 500  0.118
 250 510  0.142
 250 520   0.14
 250 530  0.119
 250 540 0.0946
 250 550 0.0952
 250 560  0.106
 250 570 0.0931
 250 580 0.0772
 250 590  0.078
 250 600   0.06
 250 610   0.05
 250 620 0.0537
 250 630 0.0526
 250 640  0.067
 250 650 0.0704
 250 660 0.0532
 250 670 0.0533
 250 680 0.0454
 250 690 0.0489
 250 700 0.0488
 250 710   0.05
 250 720 0.0586
 250 730 0.0584
 250 740 0.0625
 250 750 0.0628
 250 760 0.0603
 250 770 0.0568
 250 780 0.0582
 250 790 0.0574
 250 800 0.0519
 260 130  0.288
 260 140  0.353
 260 150  0.283
 260 160  0.294
 260 170  10000
 260 180  10000
 260 190  10000
 260 200  10000
 260 210  10000
 260 220  10000
 260 230  10000
 260 240  10000
 260 250  10000
 260 260  10000
 260 270  10000
 260 280  10000
 260 290  10000
 260 300  10000
 260 310  10000
 260 320  10000
 260 330  10000
 260 340  10000
 260 350  10000
 260 360   0.27
 260 370  0.102
 260 380   0.23
 260 390  0.169
 260 400  0.155
 260 410  0.111
 260 420   0.17
 260 430  0.183
 260 440  0.167
 260 450   0.17
 260 460  0.158
 260 470  0.125
 260 480  0.115
 260 490  0.106
 260 500  0.112
 260 510 0.0713
 260 520 0.0692
 260 530 0.0797
 260 540 0.0832
 260 550  0.073
 260 560 0.0571
 260 570 0.0653
 260 580 0.0754
 260 590 0.0526
 260 600 0.0596
 260 610 0.0525
 260 620 0.0484
 260 630 0.0587
 260 640 0.0562
 260 650 0.0698
 260 660   0.08
 260 670 0.0657
 260 680 0.0559
 260 690 0.0562
 260 700 0.0532
 260 710 0.0576
 260 720 0.0553
 260 730 0.0498
 260 740 0.0525
 260 750 0.0455
 260 760  0.051
 260 770 0.0541
 260 780 0.0471
 260 790 0.0516
 260 800 0.0507
 270 130  0.405
 270 140  0.301
 270 150  0.334
 270 160  0.244
 270 170  0.234
 270 180  10000
 270 190  10000
 270 200  10000
 270 210  10000
 270 220  10000
 270 230  10000
 270 240  10000
 270 250  10000
 270 260  10000
 270 270  10000
 270 280  10000
 270 290  10000
 270 300  10000
 270 310  10000
 270 320  10000
 270 330  10000
 270 340  10000
 270 350  10000
 270 360  10000
 270 370   0.26
 270 380  0.139
 270 390  0.229
 270 400  0.205
 270 410  0.198
 270 420  0.123
 270 430  0.168
 270 440   0.19
 270 450  0.168
 270 460  0.166
 270 470  0.177
 270 480  0.124
 270 490  0.104
 270 500  0.105
 270 510 0.0948
 270 520 0.0767
 270 530 0.0701
 270 540 0.0801
 270 550 0.0793
 270 560 0.0732
 270 570 0.0565
 270 580 0.0722
 270 590 0.0715
 270 600 0.0714
 270 610 0.0672
 270 620  0.066
 270 630 0.0528
 270 640 0.0571
 270 650 0.0588
 270 660 0.0624
 270 670 0.0646
 270 680 0.0702
 270 690 0.0512
 270 700  0.056
 270 710 0.0581
 270 720 0.0609
 270 730 0.0618
 270 740 0.0503
 270 750 0.0503
 270 760 0.0548
 270 770 0.0555
 270 780   0.06
 270 790 0.0505
 270 800 0.0434
 280 130  0.396
 280 140  0.344
 280 150  0.259
 280 160  0.246
 280 170  0.285
 280 180  0.215
 280 190  10000
 280 200  10000
 280 210  10000
 280 220  10000
 280 230  10000
 280 240  10000
 280 250  10000
 280 260  10000
 280 270  10000
 280 280  10000
 280 290  10000
 280 300  10000
 280 310  10000
 280 320  10000
 280 330  10000
 280 340  10000
 280 350  10000
 280 360  10000
 280 370  10000
 280 380  0.216
 280 390  0.132
 280 400  0.242
 280 410  0.184
 280 420  0.144
 280 430  0.103
 280 440  0.139
 280 450   0.15
 280 460  0.108
 280 470   0.11
 280 480  0.141
 280 490 0.0987
 280 500  0.105
 280 510 0.0906
 280 520 0.0868
 280 530  0.063
 280 540 0.0523
 280 550 0.0617
 280 560 0.0562
 280 570 0.0453
 280 580 0.0426
 280 590 0.0563
 280 600 0.0671
 280 610  0.072
 280 620 0.0581
 280 630 0.0663
 280 640  0.059
 280 650 0.0516
 280 660 0.0503
 280 670 0.0531
 280 680 0.0658
 280 690 0.0694
 280 700 0.0567
 280 710 0.0578
 280 720 0.0626
 280 730 0.0575
 280 740 0.0663
 280 750  0.063
 280 760 0.0529
 280 770 0.0482
 280 780 0.0454
 280 790 0.0517
 280 800 0.0524
 290 130  0.275
 290 140  0.387
 290 150  0.273
 290 160  0.264
 290 170   0.49
 290 180  0.233
 290 190  0.214
 290 200  10000
 290 210  10000
 290 220  10000
 290 230  10000
 290 240  10000
 290 250  10000
 290 260  10000
 290 270  10000
 290 280  10000
 290 290  10000
 290 300  10000
 290 310  10000
 290 320  10000
 290 330  10000
 290 340  10000
 290 350  10000
 290 360  10000
 290 370  10000
 290 380  10000
 290 390  0.188
 290 400  0.106
 290 410  0.173
 290 420  0.163
 290 430  0.131
 290 440 0.0899
 290 450  0.116
 290 460  0.144
 290 470 0.0823
 290 480  0.077
 290 490 0.0969
 290 500 0.0682
 290 510 0.0749
 290 520 0.0808
 290 530 0.0759
 290 540 0.0612
 290 550 0.0522
 290 560 0.0545
 290 570 0.0547
 290 580 0.0413
 290 590 0.0459
 290 600 0.0541
 290 610 0.0671
 290 620 0.0838
 290 630 0.0622
 290 640 0.0586
 290 650 0.0601
 290 660 0.0505
 290 670 0.0536
 290 680 0.0563
 290 690 0.0597
 290 700 0.0719
 290 710 0.0633
 290 720 0.0595
 290 730 0.0525
 290 740 0.0602
 290 750 0.0719
 290 760 0.0794
 290 770 0.0619
 290 780 0.0509
 290 790 0.0514
 290 800 0.0499
 300 130    0.2
 300 140  0.278
 300 150  0.355
 300 160  0.248
 300 170  0.418
 300 180  0.498
 300 190  0.191
 300 200  0.258
 300 210  10000
 300 220  10000
 300 230  10000
 300 240  10000
 300 250  10000
 300 260  10000
 300 270  10000
 300 280  10000
 300 290  10000
 300 300  10000
 300 310  10000
 300 320  10000
 300 330  10000
 300 340  10000
 300 350  10000
 300 360  10000
 300 370  10000
 300 380  10000
 300 390  10000
 300 400  0.165
 300 410  0.104
 300 420  0.178
 300 430  0.188
 300 440  0.101
 300 450 0.0631
 300 460 0.0874
 300 470  0.112
 300 480 0.0763
 300 490 0.0756
 300 500 0.0825
 300 510  0.076
 300 520  0.076
 300 530 0.0915
 300 540  0.094
 300 550 0.0804
 300 560 0.0598
 300 570 0.0789
 300 580 0.0625
 300 590 0.0504
 300 600 0.0441
 300 610 0.0516
 300 620 0.0668
 300 630 0.0832
 300 640 0.0688
 300 650 0.0546
 300 660 0.0617
 300 670  0.051
 300 680 0.0531
 300 690 0.0548
 300 700   0.06
 300 710 0.0617
 300 720 0.0599
 300 730 0.0515
 300 740 0.0494
 300 750 0.0521
 300 760  0.058
 300 770 0.0772
 300 780 0.0553
 300 790 0.0506
 300 800 0.0426
 310 130  0.162
 310 140  0.207
 310 150  0.219
 310 160  0.314
 310 170  0.222
 310 180  0.295
 310 190    0.4
 310 200  0.229
 310 210  0.293
 310 220  10000
 310 230  10000
 310 240  10000
 310 250  10000
 310 260  10000
 310 270  10000
 310 280  10000
 310 290  10000
 310 300  10000
 310 310  10000
 310 320  10000
 310 330  10000
 310 340  10000
 310 350  10000
 310 360  10000
 310 370  10000
 310 380  10000
 310 390  10000
 310 400  10000
 310 410  0.133
 310 420  0.101
 310 430  0.164
 310 440  0.162
 310 450 0.0949
 310 460 0.0605
 310 470 0.0757
 310 480  0.107
 310 490 0.0795
 310 500 0.0845
 310 510 0.0905
 310 520 0.0968
 310 530 0.0728
 310 540 0.0815
 310 550 0.0827
 310 560 0.0653
 310 570 0.0524
 310 580 0.0529
 310 590 0.0503
 310 600 0.0474
 310 610 0.0461
 310 620 0.0552
 310 630 0.0634
 310 640  0.085
 310 650 0.0823
 310 660 0.0661
 310 670 0.0608
 310 680 0.0526
 310 690 0.0539
 310 700 0.0522
 310 710 0.0572
 310 720 0.0532
 310 730 0.0562
 310 740 0.0525
 310 750 0.0523
 310 760 0.0536
 310 770 0.0509
 310 780 0.0702
 310 790 0.0642
 310 800 0.0542
 320 130  0.192
 320 140  0.167
 320 150  0.234
 320 160  0.187
 320 170  0.231
 320 180  0.194
 320 190  0.294
 320 200  0.368
 320 210   0.29
 320 220  0.267
 320 230  10000
 320 240  10000
 320 250  10000
 320 260  10000
 320 270  10000
 320 280  10000
 320 290  10000
 320 300  10000
 320 310  10000
 320 320  10000
 320 330  10000
 320 340  10000
 320 350  10000
 320 360  10000
 320 370  10000
 320 380  10000
 320 390  10000
 320 400  10000
 320 410  10000
 320 420   0.14
 320 430 0.0971
 320 440  0.131
 320 450  0.141
 320 460 0.0998
 320 470 0.0556
 320 480 0.0634
 320 490 0.0571
 320 500 0.0612
 320 510 0.0566
 320 520 0.0637
 320 530  0.072
 320 540 0.0581
 320 550 0.0702
 320 560 0.0887
 320 570 0.0536
 320 580  0.053
 320 590   0.05
 320 600 0.0543
 320 610 0.0451
 320 620  0.039
 320 630 0.0532
 320 640  0.059
 320 650 0.0774
 320 660 0.0875
 320 670 0.0717
 320 680 0.0631
 320 690 0.0744
 320 700 0.0641
 320 710 0.0773
 320 720 0.0793
 320 730 0.0733
 320 740 0.0721
 320 750  0.063
 320 760 0.0506
 320 770 0.0535
 320 780 0.0582
 320 790 0.0545
 320 800 0.0596
 330 130  0.262
 330 140  0.152
 330 150  0.152
 330 160  0.193
 330 170  0.154
 330 180  0.221
 330 190  0.145
 330 200  0.262
 330 210  0.324
 330 220  0.192
 330 230  0.223
 330 240  10000
 330 250  10000
 330 260  10000
 330 270  10000
 330 280  10000
 330 290  10000
 330 300  10000
 330 310  10000
 330 320  10000
 330 330  10000
 330 340  10000
 330 350  10000
 330 360  10000
 330 370  10000
 330 380  10000
 330 390  10000
 330 400  10000
 330 410  10000
 330 420  10000
 330 430 0.0818
 330 440 0.0917
 330 450  0.117
 330 460  0.139
 330 470  0.107
 330 480 0.0632
 330 490 0.0521
 330 500 0.0454
 330 510 0.0448
 330 520 0.0562
 330 530 0.0533
 330 540 0.0581
 330 550 0.0441
 330 560 0.0477
 330 570 0.0753
 330 580 0.0611
 330 590 0.0448
 330 600 0.0487
 330 610 0.0487
 330 620  0.042
 330 630 0.0464
 330 640 0.0561
 330 650 0.0558
 330 660 0.0523
 330 670 0.0591
 330 680 0.0458
 330 690 0.0466
 330 700 0.0541
 330 710 0.0535
 330 720 0.0579
 330 730 0.0757
 330 740  0.068
 330 750 0.0577
 330 760 0.0541
 330 770 0.0441
 330 780  0.039
 330 790 0.0468
 330 800 0.0478
 340 130  0.273
 340 140  0.187
 340 150  0.148
 340 160  0.147
 340 170  0.211
 340 180  0.168
 340 190  0.166
 340 200  0.199
 340 210  0.269
 340 220   0.32
 340 230   0.18
 340 240  0.194
 340 250  10000
 340 260  10000
 340 270  10000
 340 280  10000
 340 290  10000
 340 300  10000
 340 310  10000
 340 320  10000
 340 330  10000
 340 340  10000
 340 350  10000
 340 360  10000
 340 370  10000
 340 380  10000
 340 390  10000
 340 400  10000
 340 410  10000
 340 420  10000
 340 430  10000
 340 440 0.0934
 340 450  0.107
 340 460   0.14
 340 470  0.142
 340 480  0.123
 340 490 0.0686
 340 500 0.0529
 340 510 0.0494
 340 520 0.0507
 340 530 0.0611
 340 540 0.0639
 340 550 0.0747
 340 560 0.0531
 340 570 0.0508
 340 580 0.0729
 340 590   0.06
 340 600 0.0482
 340 610 0.0509
 340 620 0.0561
 340 630 0.0471
 340 640 0.0671
 340 650 0.0602
 340 660  0.063
 340 670 0.0521
 340 680 0.0593
 340 690 0.0469
 340 700  0.048
 340 710 0.0512
 340 720 0.0703
 340 730 0.0671
 340 740 0.0665
 340 750 0.0706
 340 760 0.0553
 340 770 0.0643
 340 780 0.0547
 340 790  0.051
 340 800 0.0495
 350 130  0.215
 350 140  0.219
 350 150  0.187
 350 160  0.125
 350 170  0.147
 350 180  0.184
 350 190  0.186
 350 200  0.206
 350 210  0.239
 350 220  0.251
 350 230  0.366
 350 240   0.11
 350 250  0.251
 350 260  10000
 350 270  10000
 350 280  10000
 350 290  10000
 350 300  10000
 350 310  10000
 350 320  10000
 350 330  10000
 350 340  10000
 350 350  10000
 350 360  10000
 350 370  10000
 350 380  10000
 350 390  10000
 350 400  10000
 350 410  10000
 350 420  10000
 350 430  10000
 350 440  10000
 350 450 0.0727
 350 460 0.0854
 350 470  0.122
 350 480  0.138
 350 490  0.103
 350 500 0.0582
 350 510 0.0582
 350 520 0.0511
 350 530 0.0742
 350 540 0.0927
 350 550 0.0804
 350 560  0.107
 350 570 0.0793
 350 580 0.0593
 350 590 0.0595
 350 600 0.0534
 350 610 0.0444
 350 620 0.0419
 350 630 0.0462
 350 640 0.0391
 350 650 0.0428
 350 660 0.0454
 350 670 0.0576
 350 680 0.0588
 350 690 0.0592
 350 700 0.0542
 350 710 0.0458
 350 720 0.0497
 350 730 0.0792
 350 740 0.0655
 350 750 0.0739
 350 760 0.0761
 350 770 0.0523
 350 780 0.0581
 350 790 0.0546
 350 800 0.0547
 360 130  0.142
 360 140  0.177
 360 150  0.198
 360 160  0.141
 360 170  0.146
 360 180  0.131
 360 190  0.191
 360 200  0.247
 360 210  0.249
 360 220  0.235
 360 230  0.257
 360 240  0.274
 360 250  0.113
 360 260   0.27
 360 270  10000
 360 280  10000
 360 290  10000
 360 300  10000
 360 310  10000
 360 320  10000
 360 330  10000
 360 340  10000
 360 350  10000
 360 360  10000
 360 370  10000
 360 380  10000
 360 390  10000
 360 400  10000
 360 410  10000
 360 420  10000
 360 430  10000
 360 440  10000
 360 450  10000
 360 460 0.0697
 360 470 0.0993
 360 480  0.109
 360 490  0.151
 360 500  0.115
 360 510 0.0653
 360 520  0.062
 360 530 0.0645
 360 540 0.0912
 360 550 0.0827
 360 560  0.068
 360 570    0.1
 360 580 0.0619
 360 590 0.0454
 360 600 0.0485
 360 610 0.0548
 360 620 0.0466
 360 630 0.0449
 360 640  0.048
 360 650 0.0371
 360 660 0.0445
 360 670 0.0394
 360 680 0.0599
 360 690 0.0589
 360 700 0.0527
 360 710 0.0542
 360 720 0.0485
 360 730 0.0441
 360 740 0.0694
 360 750 0.0686
 360 760 0.0728
 360 770 0.0857
 360 780 0.0609
 360 790 0.0478
 360 800 0.0384
 370 130  0.143
 370 140  0.141
 370 150  0.224
 370 160  0.141
 370 170  0.155
 370 180  0.155
 370 190  0.128
 370 200  0.191
 370 210  0.294
 370 220  0.192
 370 230  0.201
 370 240  0.188
 370 250  0.225
 370 260  0.102
 370 270   0.26
 370 280  10000
 370 290  10000
 370 300  10000
 370 310  10000
 370 320  10000
 370 330  10000
 370 340  10000
 370 350  10000
 370 360  10000
 370 370  10000
 370 380  10000
 370 390  10000
 370 400  10000
 370 410  10000
 370 420  10000
 370 430  10000
 370 440  10000
 370 450  10000
 370 460  10000
 370 470 0.0998
 370 480  0.134
 370 490  0.139
 370 500  0.157
 370 510  0.122
 370 520 0.0683
 370 530 0.0714
 370 540 0.0768
 370 550 0.0907
 370 560 0.0767
 370 570 0.0603
 370 580 0.0969
 370 590 0.0694
 370 600 0.0567
 370 610 0.0588
 370 620  0.067
 370 630 0.0513
 370 640 0.0482
 370 650 0.0596
 370 660 0.0464
 370 670 0.0465
 370 680 0.0457
 370 690 0.0718
 370 700   0.07
 370 710  0.063
 370 720 0.0805
 370 730 0.0607
 370 740 0.0593
 370 750 0.0713
 370 760 0.0698
 370 770 0.0815
 370 780 0.0898
 370 790 0.0701
 370 800 0.0584
 380 130  0.148
 380 140  0.123
 380 150   0.15
 380 160  0.162
 380 170  0.122
 380 180  0.192
 380 190  0.142
 380 200  0.167
 380 210  0.201
 380 220  0.282
 380 230  0.131
 380 240  0.149
 380 250  0.173
 380 260   0.23
 380 270  0.139
 380 280  0.216
 380 290  10000
 380 300  10000
 380 310  10000
 380 320  10000
 380 330  10000
 380 340  10000
 380 350  10000
 380 360  10000
 380 370  10000
 380 380  10000
 380 390  10000
 380 400  10000
 380 410  10000
 380 420  10000
 380 430  10000
 380 440  10000
 380 450  10000
 380 460  10000
 380 470  10000
 380 480 0.0902
 380 490  0.115
 380 500  0.117
 380 510  0.153
 380 520  0.129
 380 530 0.0812
 380 540 0.0726
 380 550 0.0835
 380 560 0.0852
 380 570 0.0694
 380 580 0.0603
 380 590 0.0839
 380 600 0.0729
 380 610 0.0491
 380 620 0.0553
 380 630 0.0638
 380 640 0.0497
 380 650 0.0438
 380 660 0.0492
 380 670   0.06
 380 680 0.0697
 380 690 0.0687
 380 700 0.0944
 380 710  0.103
 380 720 0.0966
 380 730 0.0979
 380 740 0.0745
 380 750 0.0836
 380 760  0.084
 380 770  0.106
 380 780  0.118
 380 790  0.121
 380 800  0.107
 390 130   0.18
 390 140  0.146
 390 150  0.128
 390 160  0.163
 390 170  0.132
 390 180  0.128
 390 190  0.201
 390 200  0.189
 390 210  0.189
 390 220  0.182
 390 230  0.161
 390 240  0.109
 390 250  0.137
 390 260  0.169
 390 270  0.229
 390 280  0.132
 390 290  0.188
 390 300  10000
 390 310  10000
 390 320  10000
 390 330  10000
 390 340  10000
 390 350  10000
 390 360  10000
 390 370  10000
 390 380  10000
 390 390  10000
 390 400  10000
 390 410  10000
 390 420  10000
 390 430  10000
 390 440  10000
 390 450  10000
 390 460  10000
 390 470  10000
 390 480  10000
 390 490  0.112
 390 500  0.119
 390 510 0.0945
 390 520  0.101
 390 530  0.104
 390 540 0.0606
 390 550 0.0612
 390 560 0.0662
 390 570  0.081
 390 580 0.0722
 390 590 0.0622
 390 600 0.0874
 390 610 0.0856
 390 620 0.0523
 390 630 0.0523
 390 640 0.0624
 390 650  0.059
 390 660 0.0425
 390 670 0.0504
 390 680 0.0668
 390 690 0.0692
 390 700 0.0617
 390 710 0.0604
 390 720 0.0788
 390 730  0.083
 390 740 0.0852
 390 750 0.0797
 390 760 0.0906
 390 770 0.0889
 390 780  0.102
 390 790  0.094
 390 800 0.0906
 400 130   0.14
 400 140   0.14
 400 150  0.124
 400 160   0.13
 400 170  0.125
 400 180  0.129
 400 190  0.164
 400 200  0.211
 400 210  0.211
 400 220  0.205
 400 230  0.162
 400 240  0.146
 400 250  0.101
 400 260  0.155
 400 270  0.205
 400 280  0.242
 400 290  0.106
 400 300  0.165
 400 310  10000
 400 320  10000
 400 330  10000
 400 340  10000
 400 350  10000
 400 360  10000
 400 370  10000
 400 380  10000
 400 390  10000
 400 400  10000
 400 410  10000
 400 420  10000
 400 430  10000
 400 440  10000
 400 450  10000
 400 460  10000
 400 470  10000
 400 480  10000
 400 490  10000
 400 500 0.0948
 400 510 0.0988
 400 520 0.0727
 400 530 0.0945
 400 540 0.0864
 400 550 0.0639
 400 560 0.0571
 400 570 0.0628
 400 580 0.0833
 400 590   0.08
 400 600 0.0682
 400 610 0.0798
 400 620  0.082
 400 630 0.0481
 400 640 0.0492
 400 650 0.0638
 400 660 0.0564
 400 670 0.0431
 400 680 0.0472
 400 690 0.0497
 400 700 0.0618
 400 710 0.0556
 400 720 0.0591
 400 730 0.0657
 400 740 0.0709
 400 750 0.0663
 400 760 0.0804
 400 770 0.0878
 400 780 0.0895
 400 790   0.11
 400 800 0.0973
 410 130  0.141
 410 140  0.153
 410 150  0.146
 410 160  0.136
 410 170 0.0993
 410 180  0.166
 410 190  0.176
 410 200  0.194
 410 210  0.226
 410 220  0.185
 410 230  0.218
 410 240  0.202
 410 250   0.15
 410 260  0.111
 410 270  0.198
 410 280  0.184
 410 290  0.173
 410 300  0.104
 410 310  0.133
 410 320  10000
 410 330  10000
 410 340  10000
 410 350  10000
 410 360  10000
 410 370  10000
 410 380  10000
 410 390  10000
 410 400  10000
 410 410  10000
 410 420  10000
 410 430  10000
 410 440  10000
 410 450  10000
 410 460  10000
 410 470  10000
 410 480  10000
 410 490  10000
 410 500  10000
 410 510  0.113
 410 520  0.117
 410 530 0.0806
 410 540 0.0991
 410 550 0.0859
 410 560 0.0601
 410 570 0.0525
 410 580 0.0685
 410 590 0.0967
 410 600 0.0893
 410 610 0.0827
 410 620  0.077
 410 630 0.0705
 410 640  0.055
 410 650 0.0576
 410 660 0.0745
 410 670 0.0799
 410 680 0.0727
 410 690 0.0756
 410 700  0.078
 410 710 0.0828
 410 720 0.0779
 410 730 0.0798
 410 740 0.0935
 410 750  0.116
 410 760  0.109
 410 770  0.135
 410 780  0.115
 410 790  0.132
 410 800  0.158
 420 130  0.193
 420 140  0.172
 420 150  0.129
 420 160  0.164
 420 170  0.113
 420 180  0.104
 420 190  0.178
 420 200  0.162
 420 210  0.232
 420 220  0.193
 420 230  0.194
 420 240  0.232
 420 250  0.212
 420 260   0.17
 420 270  0.123
 420 280  0.144
 420 290  0.163
 420 300  0.178
 420 310  0.101
 420 320   0.14
 420 330  10000
 420 340  10000
 420 350  10000
 420 360  10000
 420 370  10000
 420 380  10000
 420 390  10000
 420 400  10000
 420 410  10000
 420 420  10000
 420 430  10000
 420 440  10000
 420 450  10000
 420 460  10000
 420 470  10000
 420 480  10000
 420 490  10000
 420 500  10000
 420 510  10000
 420 520  0.112
 420 530  0.112
 420 540 0.0754
 420 550 0.0949
 420 560 0.0795
 420 570 0.0625
 420 580 0.0537
 420 590  0.076
 420 600  0.105
 420 610  0.117
 420 620   0.12
 420 630  0.102
 420 640 0.0759
 420 650 0.0609
 420 660 0.0573
 420 670 0.0655
 420 680 0.0694
 420 690 0.0711
 420 700 0.0732
 420 710 0.0708
 420 720 0.0729
 420 730 0.0731
 420 740 0.0835
 420 750 0.0952
 420 760  0.119
 420 770  0.118
 420 780  0.139
 420 790   0.13
 420 800  0.138
 430 130  0.174
 430 140  0.213
 430 150  0.152
 430 160  0.122
 430 170  0.119
 430 180  0.112
 430 190  0.143
 430 200  0.207
 430 210  0.168
 430 220  0.203
 430 230  0.196
 430 240  0.198
 430 250  0.226
 430 260  0.183
 430 270  0.168
 430 280  0.103
 430 290  0.131
 430 300  0.188
 430 310  0.164
 430 320 0.0971
 430 330 0.0818
 430 340  10000
 430 350  10000
 430 360  10000
 430 370  10000
 430 380  10000
 430 390  10000
 430 400  10000
 430 410  10000
 430 420  10000
 430 430  10000
 430 440  10000
 430 450  10000
 430 460  10000
 430 470  10000
 430 480  10000
 430 490  10000
 430 500  10000
 430 510  10000
 430 520  10000
 430 530  0.118
 430 540  0.105
 430 550 0.0749
 430 560 0.0963
 430 570  0.103
 430 580 0.0715
 430 590   0.06
 430 600 0.0868
 430 610  0.106
 430 620  0.124
 430 630  0.107
 430 640  0.104
 430 650 0.0715
 430 660 0.0721
 430 670 0.0672
 430 680 0.0666
 430 690 0.0679
 430 700 0.0741
 430 710 0.0738
 430 720 0.0731
 430 730 0.0788
 430 740 0.0849
 430 750 0.0874
 430 760 0.0974
 430 770  0.112
 430 780  0.124
 430 790  0.121
 430 800  0.131
 440 130  0.227
 440 140  0.251
 440 150  0.195
 440 160  0.127
 440 170  0.111
 440 180    0.1
 440 190 0.0972
 440 200  0.163
 440 210  0.202
 440 220   0.17
 440 230  0.204
 440 240  0.211
 440 250  0.203
 440 260  0.167
 440 270   0.19
 440 280  0.139
 440 290 0.0899
 440 300  0.101
 440 310  0.162
 440 320  0.131
 440 330 0.0917
 440 340 0.0934
 440 350  10000
 440 360  10000
 440 370  10000
 440 380  10000
 440 390  10000
 440 400  10000
 440 410  10000
 440 420  10000
 440 430  10000
 440 440  10000
 440 450  10000
 440 460  10000
 440 470  10000
 440 480  10000
 440 490  10000
 440 500  10000
 440 510  10000
 440 520  10000
 440 530  10000
 440 540 0.0932
 440 550 0.0786
 440 560  0.061
 440 570  0.107
 440 580  0.116
 440 590 0.0678
 440 600 0.0663
 440 610 0.0693
 440 620 0.0867
 440 630  0.103
 440 640 0.0847
 440 650 0.0848
 440 660 0.0624
 440 670 0.0559
 440 680  0.052
 440 690 0.0564
 440 700 0.0531
 440 710   0.06
 440 720 0.0609
 440 730 0.0582
 440 740 0.0649
 440 750 0.0635
 440 760 0.0619
 440 770 0.0617
 440 780 0.0765
 440 790 0.0865
 440 800 0.0923
 450 130  0.225
 450 140   0.19
 450 150  0.234
 450 160  0.145
 450 170 0.0882
 450 180 0.0952
 450 190 0.0953
 450 200  0.109
 450 210  0.154
 450 220  0.196
 450 230  0.148
 450 240  0.165
 450 250  0.199
 450 260   0.17
 450 270  0.168
 450 280   0.15
 450 290  0.116
 450 300 0.0631
 450 310 0.0949
 450 320  0.141
 450 330  0.117
 450 340  0.107
 450 350 0.0727
 450 360  10000
 450 370  10000
 450 380  10000
 450 390  10000
 450 400  10000
 450 410  10000
 450 420  10000
 450 430  10000
 450 440  10000
 450 450  10000
 450 460  10000
 450 470  10000
 450 480  10000
 450 490  10000
 450 500  10000
 450 510  10000
 450 520  10000
 450 530  10000
 450 540  10000
 450 550  0.108
 450 560 0.0849
 450 570 0.0574
 450 580  0.104
 450 590 0.0872
 450 600 0.0671
 450 610 0.0594
 450 620 0.0631
 450 630 0.0745
 450 640 0.0937
 450 650 0.0685
 450 660   0.07
 450 670 0.0682
 450 680 0.0566
 450 690 0.0502
 450 700 0.0491
 450 710 0.0552
 450 720 0.0551
 450 730 0.0598
 450 740 0.0528
 450 750 0.0571
 450 760 0.0479
 450 770 0.0483
 450 780 0.0504
 450 790 0.0621
 450 800 0.0751
 460 130  0.205
 460 140  0.226
 460 150  0.263
 460 160  0.161
 460 170  0.108
 460 180 0.0711
 460 190  0.083
 460 200  0.098
 460 210  0.121
 460 220  0.183
 460 230  0.155
 460 240  0.113
 460 250  0.136
 460 260  0.158
 460 270  0.166
 460 280  0.108
 460 290  0.144
 460 300 0.0874
 460 310 0.0605
 460 320 0.0998
 460 330  0.139
 460 340   0.14
 460 350 0.0854
 460 360 0.0697
 460 370  10000
 460 380  10000
 460 390  10000
 460 400  10000
 460 410  10000
 460 420  10000
 460 430  10000
 460 440  10000
 460 450  10000
 460 460  10000
 460 470  10000
 460 480  10000
 460 490  10000
 460 500  10000
 460 510  10000
 460 520  10000
 460 530  10000
 460 540  10000
 460 550  10000
 460 560 0.0807
 460 570 0.0707
 460 580 0.0605
 460 590  0.092
 460 600 0.0935
 460 610 0.0817
 460 620 0.0712
 460 630 0.0795
 460 640 0.0809
 460 650 0.0979
 460 660 0.0662
 460 670 0.0636
 460 680 0.0537
 460 690 0.0592
 460 700 0.0507
 460 710 0.0542
 460 720 0.0565
 460 730 0.0525
 460 740  0.064
 460 750 0.0538
 460 760 0.0563
 460 770 0.0559
 460 780 0.0463
 460 790 0.0543
 460 800 0.0587
 470 130  0.178
 470 140   0.18
 470 150  0.242
 470 160   0.23
 470 170  0.124
 470 180 0.0788
 470 190 0.0645
 470 200 0.0981
 470 210  0.109
 470 220  0.118
 470 230  0.164
 470 240  0.112
 470 250  0.105
 470 260  0.125
 470 270  0.177
 470 280   0.11
 470 290 0.0823
 470 300  0.112
 470 310 0.0757
 470 320 0.0556
 470 330  0.107
 470 340  0.142
 470 350  0.122
 470 360 0.0993
 470 370 0.0998
 470 380  10000
 470 390  10000
 470 400  10000
 470 410  10000
 470 420  10000
 470 430  10000
 470 440  10000
 470 450  10000
 470 460  10000
 470 470  10000
 470 480  10000
 470 490  10000
 470 500  10000
 470 510  10000
 470 520  10000
 470 530  10000
 470 540  10000
 470 550  10000
 470 560  10000
 470 570 0.0723
 470 580 0.0619
 470 590  0.057
 470 600 0.0674
 470 610 0.0897
 470 620 0.0806
 470 630 0.0841
 470 640 0.0832
 470 650  0.101
 470 660  0.102
 470 670 0.0911
 470 680 0.0844
 470 690 0.0814
 470 700 0.0791
 470 710 0.0603
 470 720 0.0592
 470 730 0.0571
 470 740  0.056
 470 750 0.0586
 470 760  0.052
 470 770 0.0557
 470 780 0.0529
 470 790 0.0552
 470 800 0.0708
 480 130  0.199
 480 140  0.182
 480 150  0.212
 480 160  0.197
 480 170   0.16
 480 180 0.0697
 480 190   0.05
 480 200 0.0896
 480 210  0.118
 480 220  0.129
 480 230  0.112
 480 240  0.143
 480 250  0.114
 480 260  0.115
 480 270  0.124
 480 280  0.141
 480 290  0.077
 480 300 0.0763
 480 310  0.107
 480 320 0.0634
 480 330 0.0632
 480 340  0.123
 480 350  0.138
 480 360  0.109
 480 370  0.134
 480 380 0.0902
 480 390  10000
 480 400  10000
 480 410  10000
 480 420  10000
 480 430  10000
 480 440  10000
 480 450  10000
 480 460  10000
 480 470  10000
 480 480  10000
 480 490  10000
 480 500  10000
 480 510  10000
 480 520  10000
 480 530  10000
 480 540  10000
 480 550  10000
 480 560  10000
 480 570  10000
 480 580 0.0636
 480 590 0.0681
 480 600 0.0614
 480 610 0.0638
 480 620 0.0757
 480 630 0.0632
 480 640 0.0689
 480 650 0.0798
 480 660 0.0932
 480 670  0.106
 480 680 0.0907
 480 690 0.0833
 480 700 0.0836
 480 710 0.0703
 480 720 0.0598
 480 730 0.0608
 480 740 0.0573
 480 750 0.0502
 480 760   0.05
 480 770 0.0458
 480 780 0.0466
 480 790 0.0444
 480 800 0.0412
 490 130  0.211
 490 140  0.148
 490 150   0.17
 490 160  0.184
 490 170  0.166
 490 180 0.0931
 490 190  0.056
 490 200 0.0646
 490 210  0.127
 490 220  0.128
 490 230  0.133
 490 240   0.11
 490 250  0.147
 490 260  0.106
 490 270  0.104
 490 280 0.0987
 490 290 0.0969
 490 300 0.0756
 490 310 0.0795
 490 320 0.0571
 490 330 0.0521
 490 340 0.0686
 490 350  0.103
 490 360  0.151
 490 370  0.139
 490 380  0.115
 490 390  0.112
 490 400  10000
 490 410  10000
 490 420  10000
 490 430  10000
 490 440  10000
 490 450  10000
 490 460  10000
 490 470  10000
 490 480  10000
 490 490  10000
 490 500  10000
 490 510  10000
 490 520  10000
 490 530  10000
 490 540  10000
 490 550  10000
 490 560  10000
 490 570  10000
 490 580  10000
 490 590 0.0624
 490 600 0.0641
 490 610  0.066
 490 620 0.0802
 490 630 0.0859
 490 640  0.065
 490 650 0.0698
 490 660 0.0766
 490 670 0.0948
 490 680 0.0989
 490 690 0.0906
 490 700 0.0858
 490 710 0.0894
 490 720 0.0833
 490 730 0.0729
 490 740 0.0761
 490 750 0.0632
 490 760 0.0561
 490 770 0.0611
 490 780  0.057
 490 790 0.0516
 490 800  0.051
 500 130  0.217
 500 140   0.14
 500 150  0.151
 500 160  0.151
 500 170  0.141
 500 180 0.0989
 500 190 0.0575
 500 200 0.0613
 500 210 0.0923
 500 220  0.119
 500 230  0.119
 500 240  0.118
 500 250  0.118
 500 260  0.112
 500 270  0.105
 500 280  0.105
 500 290 0.0682
 500 300 0.0825
 500 310 0.0845
 500 320 0.0612
 500 330 0.0454
 500 340 0.0529
 500 350 0.0582
 500 360  0.115
 500 370  0.157
 500 380  0.117
 500 390  0.119
 500 400 0.0948
 500 410  10000
 500 420  10000
 500 430  10000
 500 440  10000
 500 450  10000
 500 460  10000
 500 470  10000
 500 480  10000
 500 490  10000
 500 500  10000
 500 510  10000
 500 520  10000
 500 530  10000
 500 540  10000
 500 550  10000
 500 560  10000
 500 570  10000
 500 580  10000
 500 590  10000
 500 600 0.0579
 500 610 0.0556
 500 620 0.0629
 500 630 0.0978
 500 640 0.0893
 500 650 0.0773
 500 660 0.0631
 500 670 0.0736
 500 680 0.0881
 500 690 0.0961
 500 700 0.0835
 500 710 0.0768
 500 720  0.116
 500 730 0.0966
 500 740 0.0769
 500 750 0.0681
 500 760 0.0627
 500 770 0.0572
 500 780 0.0536
 500 790 0.0555
 500 800  0.052
 510 130  0.253
 510 140  0.151
 510 150  0.133
 510 160  0.137
 510 170  0.143
 510 180  0.112
 510 190 0.0543
 510 200  0.056
 510 210 0.0738
 510 220  0.108
 510 230  0.121
 510 240   0.13
 510 250  0.142
 510 260 0.0713
 510 270 0.0948
 510 280 0.0906
 510 290 0.0749
 510 300  0.076
 510 310 0.0905
 510 320 0.0566
 510 330 0.0448
 510 340 0.0494
 510 350 0.0582
 510 360 0.0653
 510 370  0.122
 510 380  0.153
 510 390 0.0945
 510 400 0.0988
 510 410  0.113
 510 420  10000
 510 430  10000
 510 440  10000
 510 450  10000
 510 460  10000
 510 470  10000
 510 480  10000
 510 490  10000
 510 500  10000
 510 510  10000
 510 520  10000
 510 530  10000
 510 540  10000
 510 550  10000
 510 560  10000
 510 570  10000
 510 580  10000
 510 590  10000
 510 600  10000
 510 610 0.0608
 510 620 0.0726
 510 630 0.0783
 510 640  0.126
 510 650  0.109
 510 660 0.0599
 510 670 0.0603
 510 680 0.0766
 510 690 0.0774
 510 700 0.0745
 510 710 0.0865
 510 720 0.0798
 510 730  0.102
 510 740 0.0846
 510 750  0.073
 510 760 0.0676
 510 770 0.0623
 510 780 0.0547
 510 790 0.0584
 510 800 0.0589
 520 130  0.232
 520 140  0.171
 520 150  0.109
 520 160  0.117
 520 170  0.113
 520 180  0.144
 520 190 0.0666
 520 200 0.0614
 520 210 0.0617
 520 220  0.085
 520 230 0.0959
 520 240  0.134
 520 250   0.14
 520 260 0.0692
 520 270 0.0767
 520 280 0.0868
 520 290 0.0808
 520 300  0.076
 520 310 0.0968
 520 320 0.0637
 520 330 0.0562
 520 340 0.0507
 520 350 0.0511
 520 360  0.062
 520 370 0.0683
 520 380  0.129
 520 390  0.101
 520 400 0.0727
 520 410  0.117
 520 420  0.112
 520 430  10000
 520 440  10000
 520 450  10000
 520 460  10000
 520 470  10000
 520 480  10000
 520 490  10000
 520 500  10000
 520 510  10000
 520 520  10000
 520 530  10000
 520 540  10000
 520 550  10000
 520 560  10000
 520 570  10000
 520 580  10000
 520 590  10000
 520 600  10000
 520 610  10000
 520 620 0.0555
 520 630 0.0556
 520 640  0.063
 520 650  0.119
 520 660  0.104
 520 670 0.0677
 520 680 0.0628
 520 690 0.0601
 520 700 0.0578
 520 710 0.0545
 520 720  0.055
 520 730 0.0605
 520 740 0.0746
 520 750 0.0609
 520 760 0.0664
 520 770  0.053
 520 780 0.0483
 520 790 0.0448
 520 800 0.0518
 530 130  0.158
 530 140  0.197
 530 150   0.13
 530 160  0.106
 530 170  0.124
 530 180  0.111
 530 190 0.0962
 530 200 0.0522
 530 210 0.0677
 530 220 0.0767
 530 230 0.0839
 530 240  0.126
 530 250  0.119
 530 260 0.0797
 530 270 0.0701
 530 280  0.063
 530 290 0.0759
 530 300 0.0915
 530 310 0.0728
 530 320  0.072
 530 330 0.0533
 530 340 0.0611
 530 350 0.0742
 530 360 0.0645
 530 370 0.0714
 530 380 0.0812
 530 390  0.104
 530 400 0.0945
 530 410 0.0806
 530 420  0.112
 530 430  0.118
 530 440  10000
 530 450  10000
 530 460  10000
 530 470  10000
 530 480  10000
 530 490  10000
 530 500  10000
 530 510  10000
 530 520  10000
 530 530  10000
 530 540  10000
 530 550  10000
 530 560  10000
 530 570  10000
 530 580  10000
 530 590  10000
 530 600  10000
 530 610  10000
 530 620  10000
 530 630 0.0517
 530 640 0.0543
 530 650  0.063
 530 660 0.0967
 530 670  0.104
 530 680 0.0749
 530 690  0.056
 530 700 0.0517
 530 710 0.0443
 530 720 0.0497
 530 730 0.0483
 530 740 0.0576
 530 750 0.0701
 530 760 0.0614
 530 770 0.0619
 530 780 0.0543
 530 790 0.0477
 530 800 0.0376
 540 130  0.158
 540 140  0.177
 540 150  0.126
 540 160 0.0897
 540 170 0.0871
 540 180  0.101
 540 190 0.0956
 540 200 0.0597
 540 210 0.0593
 540 220 0.0717
 540 230 0.0865
 540 240  0.104
 540 250 0.0946
 540 260 0.0832
 540 270 0.0801
 540 280 0.0523
 540 290 0.0612
 540 300  0.094
 540 310 0.0815
 540 320 0.0581
 540 330 0.0581
 540 340 0.0639
 540 350 0.0927
 540 360 0.0912
 540 370 0.0768
 540 380 0.0726
 540 390 0.0606
 540 400 0.0864
 540 410 0.0991
 540 420 0.0754
 540 430  0.105
 540 440 0.0932
 540 450  10000
 540 460  10000
 540 470  10000
 540 480  10000
 540 490  10000
 540 500  10000
 540 510  10000
 540 520  10000
 540 530  10000
 540 540  10000
 540 550  10000
 540 560  10000
 540 570  10000
 540 580  10000
 540 590  10000
 540 600  10000
 540 610  10000
 540 620  10000
 540 630  10000
 540 640   0.04
 540 650 0.0518
 540 660  0.053
 540 670  0.104
 540 680  0.124
 540 690  0.119
 540 700 0.0791
 540 710 0.0834
 540 720 0.0506
 540 730 0.0515
 540 740  0.045
 540 750 0.0745
 540 760 0.0698
 540 770 0.0581
 540 780 0.0584
 540 790 0.0606
 540 800 0.0573
 550 130  0.119
 550 140  0.145
 550 150  0.137
 550 160    0.1
 550 170 0.0863
 550 180 0.0877
 550 190 0.0889
 550 200 0.0822
 550 210  0.062
 550 220 0.0689
 550 230 0.0644
 550 240 0.0889
 550 250 0.0952
 550 260  0.073
 550 270 0.0793
 550 280 0.0617
 550 290 0.0522
 550 300 0.0804
 550 310 0.0827
 550 320 0.0702
 550 330 0.0441
 550 340 0.0747
 550 350 0.0804
 550 360 0.0827
 550 370 0.0907
 550 380 0.0835
 550 390 0.0612
 550 400 0.0639
 550 410 0.0859
 550 420 0.0949
 550 430 0.0749
 550 440 0.0786
 550 450  0.108
 550 460  10000
 550 470  10000
 550 480  10000
 550 490  10000
 550 500  10000
 550 510  10000
 550 520  10000
 550 530  10000
 550 540  10000
 550 550  10000
 550 560  10000
 550 570  10000
 550 580  10000
 550 590  10000
 550 600  10000
 550 610  10000
 550 620  10000
 550 630  10000
 550 640  10000
 550 650 0.0466
 550 660 0.0611
 550 670 0.0571
 550 680 0.0912
 550 690  0.122
 550 700  0.132
 550 710  0.071
 550 720 0.0668
 550 730 0.0387
 550 740 0.0372
 550 750 0.0353
 550 760  0.061
 550 770 0.0554
 550 780 0.0464
 550 790 0.0475
 550 800 0.0512
 560 130  0.129
 560 140  0.131
 560 150  0.121
 560 160  0.101
 560 170 0.0783
 560 180 0.0639
 560 190 0.0792
 560 200 0.0855
 560 210 0.0849
 560 220 0.0624
 560 230 0.0823
 560 240   0.08
 560 250  0.106
 560 260 0.0571
 560 270 0.0732
 560 280 0.0562
 560 290 0.0545
 560 300 0.0598
 560 310 0.0653
 560 320 0.0887
 560 330 0.0477
 560 340 0.0531
 560 350  0.107
 560 360  0.068
 560 370 0.0767
 560 380 0.0852
 560 390 0.0662
 560 400 0.0571
 560 410 0.0601
 560 420 0.0795
 560 430 0.0963
 560 440  0.061
 560 450 0.0849
 560 460 0.0807
 560 470  10000
 560 480  10000
 560 490  10000
 560 500  10000
 560 510  10000
 560 520  10000
 560 530  10000
 560 540  10000
 560 550  10000
 560 560  10000
 560 570  10000
 560 580  10000
 560 590  10000
 560 600  10000
 560 610  10000
 560 620  10000
 560 630  10000
 560 640  10000
 560 650  10000
 560 660 0.0405
 560 670 0.0618
 560 680 0.0515
 560 690 0.0752
 560 700  0.103
 560 710 0.0997
 560 720 0.0569
 560 730 0.0631
 560 740 0.0385
 560 750 0.0373
 560 760 0.0402
 560 770 0.0677
 560 780 0.0582
 560 790 0.0525
 560 800  0.051
 570 130  0.134
 570 140  0.128
 570 150 0.0853
 570 160  0.118
 570 170 0.0824
 570 180 0.0447
 570 190 0.0627
 570 200 0.0888
 570 210 0.0868
 570 220 0.0615
 570 230 0.0663
 570 240 0.0768
 570 250 0.0931
 570 260 0.0653
 570 270 0.0565
 570 280 0.0453
 570 290 0.0547
 570 300 0.0789
 570 310 0.0524
 570 320 0.0536
 570 330 0.0753
 570 340 0.0508
 570 350 0.0793
 570 360    0.1
 570 370 0.0603
 570 380 0.0694
 570 390  0.081
 570 400 0.0628
 570 410 0.0525
 570 420 0.0625
 570 430  0.103
 570 440  0.107
 570 450 0.0574
 570 460 0.0707
 570 470 0.0723
 570 480  10000
 570 490  10000
 570 500  10000
 570 510  10000
 570 520  10000
 570 530  10000
 570 540  10000
 570 550  10000
 570 560  10000
 570 570  10000
 570 580  10000
 570 590  10000
 570 600  10000
 570 610  10000
 570 620  10000
 570 630  10000
 570 640  10000
 570 650  10000
 570 660  10000
 570 670  0.033
 570 680 0.0513
 570 690 0.0487
 570 700 0.0703
 570 710 0.0978
 570 720 0.0962
 570 730 0.0607
 570 740 0.0769
 570 750 0.0453
 570 760 0.0467
 570 770 0.0563
 570 780 0.0646
 570 790 0.0557
 570 800 0.0513
 580 130  0.116
 580 140  0.132
 580 150  0.084
 580 160  0.117
 580 170 0.0986
 580 180 0.0562
 580 190 0.0556
 580 200 0.0871
 580 210  0.105
 580 220 0.0681
 580 230 0.0606
 580 240  0.063
 580 250 0.0772
 580 260 0.0754
 580 270 0.0722
 580 280 0.0426
 580 290 0.0413
 580 300 0.0625
 580 310 0.0529
 580 320  0.053
 580 330 0.0611
 580 340 0.0729
 580 350 0.0593
 580 360 0.0619
 580 370 0.0969
 580 380 0.0603
 580 390 0.0722
 580 400 0.0833
 580 410 0.0685
 580 420 0.0537
 580 430 0.0715
 580 440  0.116
 580 450  0.104
 580 460 0.0605
 580 470 0.0619
 580 480 0.0636
 580 490  10000
 580 500  10000
 580 510  10000
 580 520  10000
 580 530  10000
 580 540  10000
 580 550  10000
 580 560  10000
 580 570  10000
 580 580  10000
 580 590  10000
 580 600  10000
 580 610  10000
 580 620  10000
 580 630  10000
 580 640  10000
 580 650  10000
 580 660  10000
 580 670  10000
 580 680 0.0332
 580 690 0.0744
 580 700 0.0546
 580 710 0.0615
 580 720   0.11
 580 730  0.105
 580 740 0.0911
 580 750 0.0791
 580 760 0.0427
 580 770 0.0417
 580 780 0.0489
 580 790  0.057
 580 800 0.0452
 590 130  0.128
 590 140  0.113
 590 150 0.0933
 590 160 0.0807
 590 170   0.11
 590 180 0.0473
 590 190 0.0422
 590 200 0.0581
 590 210  0.113
 590 220 0.0886
 590 230 0.0659
 590 240 0.0505
 590 250  0.078
 590 260 0.0526
 590 270 0.0715
 590 280 0.0563
 590 290 0.0459
 590 300 0.0504
 590 310 0.0503
 590 320   0.05
 590 330 0.0448
 590 340   0.06
 590 350 0.0595
 590 360 0.0454
 590 370 0.0694
 590 380 0.0839
 590 390 0.0622
 590 400   0.08
 590 410 0.0967
 590 420  0.076
 590 430   0.06
 590 440 0.0678
 590 450 0.0872
 590 460  0.092
 590 470  0.057
 590 480 0.0681
 590 490 0.0624
 590 500  10000
 590 510  10000
 590 520  10000
 590 530  10000
 590 540  10000
 590 550  10000
 590 560  10000
 590 570  10000
 590 580  10000
 590 590  10000
 590 600  10000
 590 610  10000
 590 620  10000
 590 630  10000
 590 640  10000
 590 650  10000
 590 660  10000
 590 670  10000
 590 680  10000
 590 690 0.0402
 590 700  0.096
 590 710 0.0526
 590 720 0.0614
 590 730  0.114
 590 740  0.108
 590 750 0.0865
 590 760 0.0785
 590 770 0.0487
 590 780 0.0382
 590 790 0.0372
 590 800 0.0442
 600 130  0.118
 600 140 0.0977
 600 150 0.0818
 600 160 0.0837
 600 170  0.115
 600 180 0.0562
 600 190 0.0437
 600 200 0.0496
 600 210   0.09
 600 220 0.0949
 600 230 0.0771
 600 240 0.0537
 600 250   0.06
 600 260 0.0596
 600 270 0.0714
 600 280 0.0671
 600 290 0.0541
 600 300 0.0441
 600 310 0.0474
 600 320 0.0543
 600 330 0.0487
 600 340 0.0482
 600 350 0.0534
 600 360 0.0485
 600 370 0.0567
 600 380 0.0729
 600 390 0.0874
 600 400 0.0682
 600 410 0.0893
 600 420  0.105
 600 430 0.0868
 600 440 0.0663
 600 450 0.0671
 600 460 0.0935
 600 470 0.0674
 600 480 0.0614
 600 490 0.0641
 600 500 0.0579
 600 510  10000
 600 520  10000
 600 530  10000
 600 540  10000
 600 550  10000
 600 560  10000
 600 570  10000
 600 580  10000
 600 590  10000
 600 600  10000
 600 610  10000
 600 620  10000
 600 630  10000
 600 640  10000
 600 650  10000
 600 660  10000
 600 670  10000
 600 680  10000
 600 690  10000
 600 700 0.0292
 600 710 0.0764
 600 720 0.0537
 600 730 0.0631
 600 740  0.119
 600 750 0.0939
 600 760 0.0908
 600 770 0.0703
 600 780 0.0463
 600 790 0.0403
 600 800 0.0376
 610 130   0.11
 610 140 0.0767
 610 150 0.0782
 610 160 0.0759
 610 170 0.0937
 610 180  0.077
 610 190 0.0417
 610 200 0.0476
 610 210 0.0832
 610 220 0.0877
 610 230 0.0932
 610 240 0.0592
 610 250   0.05
 610 260 0.0525
 610 270 0.0672
 610 280  0.072
 610 290 0.0671
 610 300 0.0516
 610 310 0.0461
 610 320 0.0451
 610 330 0.0487
 610 340 0.0509
 610 350 0.0444
 610 360 0.0548
 610 370 0.0588
 610 380 0.0491
 610 390 0.0856
 610 400 0.0798
 610 410 0.0827
 610 420  0.117
 610 430  0.106
 610 440 0.0693
 610 450 0.0594
 610 460 0.0817
 610 470 0.0897
 610 480 0.0638
 610 490  0.066
 610 500 0.0556
 610 510 0.0608
 610 520  10000
 610 530  10000
 610 540  10000
 610 550  10000
 610 560  10000
 610 570  10000
 610 580  10000
 610 590  10000
 610 600  10000
 610 610  10000
 610 620  10000
 610 630  10000
 610 640  10000
 610 650  10000
 610 660  10000
 610 670  10000
 610 680  10000
 610 690  10000
 610 700  10000
 610 710 0.0373
 610 720 0.0628
 610 730 0.0661
 610 740 0.0787
 610 750  0.131
 610 760  0.113
 610 770 0.0759
 610 780 0.0644
 610 790 0.0456
 610 800 0.0408
 620 130  0.102
 620 140 0.0706
 620 150 0.0729
 620 160 0.0674
 620 170 0.0874
 620 180 0.0624
 620 190 0.0506
 620 200 0.0389
 620 210   0.06
 620 220 0.0728
 620 230  0.106
 620 240 0.0652
 620 250 0.0537
 620 260 0.0484
 620 270  0.066
 620 280 0.0581
 620 290 0.0838
 620 300 0.0668
 620 310 0.0552
 620 320  0.039
 620 330  0.042
 620 340 0.0561
 620 350 0.0419
 620 360 0.0466
 620 370  0.067
 620 380 0.0553
 620 390 0.0523
 620 400  0.082
 620 410  0.077
 620 420   0.12
 620 430  0.124
 620 440 0.0867
 620 450 0.0631
 620 460 0.0712
 620 470 0.0806
 620 480 0.0757
 620 490 0.0802
 620 500 0.0629
 620 510 0.0726
 620 520 0.0555
 620 530  10000
 620 540  10000
 620 550  10000
 620 560  10000
 620 570  10000
 620 580  10000
 620 590  10000
 620 600  10000
 620 610  10000
 620 620  10000
 620 630  10000
 620 640  10000
 620 650  10000
 620 660  10000
 620 670  10000
 620 680  10000
 620 690  10000
 620 700  10000
 620 710  10000
 620 720 0.0397
 620 730 0.0579
 620 740 0.0541
 620 750 0.0653
 620 760  0.122
 620 770   0.13
 620 780 0.0972
 620 790 0.0801
 620 800  0.055
 630 130 0.0707
 630 140 0.0679
 630 150 0.0689
 630 160 0.0677
 630 170 0.0887
 630 180 0.0553
 630 190 0.0618
 630 200 0.0457
 630 210 0.0568
 630 220 0.0652
 630 230 0.0811
 630 240 0.0753
 630 250 0.0526
 630 260 0.0587
 630 270 0.0528
 630 280 0.0663
 630 290 0.0622
 630 300 0.0832
 630 310 0.0634
 630 320 0.0532
 630 330 0.0464
 630 340 0.0471
 630 350 0.0462
 630 360 0.0449
 630 370 0.0513
 630 380 0.0638
 630 390 0.0523
 630 400 0.0481
 630 410 0.0705
 630 420  0.102
 630 430  0.107
 630 440  0.103
 630 450 0.0745
 630 460 0.0795
 630 470 0.0841
 630 480 0.0632
 630 490 0.0859
 630 500 0.0978
 630 510 0.0783
 630 520 0.0556
 630 530 0.0517
 630 540  10000
 630 550  10000
 630 560  10000
 630 570  10000
 630 580  10000
 630 590  10000
 630 600  10000
 630 610  10000
 630 620  10000
 630 630  10000
 630 640  10000
 630 650  10000
 630 660  10000
 630 670  10000
 630 680  10000
 630 690  10000
 630 700  10000
 630 710  10000
 630 720  10000
 630 730 0.0383
 630 740   0.07
 630 750 0.0529
 630 760 0.0602
 630 770  0.124
 630 780  0.109
 630 790 0.0865
 630 800  0.076
 640 130 0.0634
 640 140 0.0622
 640 150 0.0544
 640 160 0.0651
 640 170 0.0755
 640 180  0.056
 640 190 0.0554
 640 200 0.0566
 640 210 0.0462
 640 220 0.0533
 640 230  0.063
 640 240 0.0675
 640 250  0.067
 640 260 0.0562
 640 270 0.0571
 640 280  0.059
 640 290 0.0586
 640 300 0.0688
 640 310  0.085
 640 320  0.059
 640 330 0.0561
 640 340 0.0671
 640 350 0.0391
 640 360  0.048
 640 370 0.0482
 640 380 0.0497
 640 390 0.0624
 640 400 0.0492
 640 410  0.055
 640 420 0.0759
 640 430  0.104
 640 440 0.0847
 640 450 0.0937
 640 460 0.0809
 640 470 0.0832
 640 480 0.0689
 640 490  0.065
 640 500 0.0893
 640 510  0.126
 640 520  0.063
 640 530 0.0543
 640 540   0.04
 640 550  10000
 640 560  10000
 640 570  10000
 640 580  10000
 640 590  10000
 640 600  10000
 640 610  10000
 640 620  10000
 640 630  10000
 640 640  10000
 640 650  10000
 640 660  10000
 640 670  10000
 640 680  10000
 640 690  10000
 640 700  10000
 640 710  10000
 640 720  10000
 640 730  10000
 640 740 0.0414
 640 750  0.064
 640 760 0.0595
 640 770 0.0667
 640 780  0.111
 640 790 0.0945
 640 800 0.0825
 650 130 0.0631
 650 140 0.0681
 650 150 0.0557
 650 160  0.061
 650 170  0.072
 650 180 0.0596
 650 190 0.0608
 650 200 0.0584
 650 210 0.0513
 650 220 0.0506
 650 230 0.0507
 650 240 0.0521
 650 250 0.0704
 650 260 0.0698
 650 270 0.0588
 650 280 0.0516
 650 290 0.0601
 650 300 0.0546
 650 310 0.0823
 650 320 0.0774
 650 330 0.0558
 650 340 0.0602
 650 350 0.0428
 650 360 0.0371
 650 370 0.0596
 650 380 0.0438
 650 390  0.059
 650 400 0.0638
 650 410 0.0576
 650 420 0.0609
 650 430 0.0715
 650 440 0.0848
 650 450 0.0685
 650 460 0.0979
 650 470  0.101
 650 480 0.0798
 650 490 0.0698
 650 500 0.0773
 650 510  0.109
 650 520  0.119
 650 530  0.063
 650 540 0.0518
 650 550 0.0466
 650 560  10000
 650 570  10000
 650 580  10000
 650 590  10000
 650 600  10000
 650 610  10000
 650 620  10000
 650 630  10000
 650 640  10000
 650 650  10000
 650 660  10000
 650 670  10000
 650 680  10000
 650 690  10000
 650 700  10000
 650 710  10000
 650 720  10000
 650 730  10000
 650 740  10000
 650 750 0.0492
 650 760 0.0613
 650 770 0.0578
 650 780 0.0653
 650 790  0.105
 650 800 0.0937
 660 130 0.0889
 660 140 0.0539
 660 150 0.0443
 660 160 0.0715
 660 170 0.0732
 660 180  0.057
 660 190 0.0619
 660 200 0.0552
 660 210 0.0636
 660 220 0.0456
 660 230 0.0512
 660 240 0.0451
 660 250 0.0532
 660 260   0.08
 660 270 0.0624
 660 280 0.0503
 660 290 0.0505
 660 300 0.0617
 660 310 0.0661
 660 320 0.0875
 660 330 0.0523
 660 340  0.063
 660 350 0.0454
 660 360 0.0445
 660 370 0.0464
 660 380 0.0492
 660 390 0.0425
 660 400 0.0564
 660 410 0.0745
 660 420 0.0573
 660 430 0.0721
 660 440 0.0624
 660 450   0.07
 660 460 0.0662
 660 470  0.102
 660 480 0.0932
 660 490 0.0766
 660 500 0.0631
 660 510 0.0599
 660 520  0.104
 660 530 0.0967
 660 540  0.053
 660 550 0.0611
 660 560 0.0405
 660 570  10000
 660 580  10000
 660 590  10000
 660 600  10000
 660 610  10000
 660 620  10000
 660 630  10000
 660 640  10000
 660 650  10000
 660 660  10000
 660 670  10000
 660 680  10000
 660 690  10000
 660 700  10000
 660 710  10000
 660 720  10000
 660 730  10000
 660 740  10000
 660 750  10000
 660 760 0.0325
 660 770 0.0496
 660 780 0.0529
 660 790   0.07
 660 800  0.107
 670 130 0.0807
 670 140 0.0492
 670 150 0.0515
 670 160 0.0609
 670 170 0.0689
 670 180 0.0578
 670 190 0.0616
 670 200 0.0603
 670 210 0.0688
 670 220  0.059
 670 230 0.0447
 670 240 0.0415
 670 250 0.0533
 670 260 0.0657
 670 270 0.0646
 670 280 0.0531
 670 290 0.0536
 670 300  0.051
 670 310 0.0608
 670 320 0.0717
 670 330 0.0591
 670 340 0.0521
 670 350 0.0576
 670 360 0.0394
 670 370 0.0465
 670 380   0.06
 670 390 0.0504
 670 400 0.0431
 670 410 0.0799
 670 420 0.0655
 670 430 0.0672
 670 440 0.0559
 670 450 0.0682
 670 460 0.0636
 670 470 0.0911
 670 480  0.106
 670 490 0.0948
 670 500 0.0736
 670 510 0.0603
 670 520 0.0677
 670 530  0.104
 670 540  0.104
 670 550 0.0571
 670 560 0.0618
 670 570  0.033
 670 580  10000
 670 590  10000
 670 600  10000
 670 610  10000
 670 620  10000
 670 630  10000
 670 640  10000
 670 650  10000
 670 660  10000
 670 670  10000
 670 680  10000
 670 690  10000
 670 700  10000
 670 710  10000
 670 720  10000
 670 730  10000
 670 740  10000
 670 750  10000
 670 760  10000
 670 770 0.0291
 670 780 0.0491
 670 790 0.0443
 670 800 0.0603
 680 130 0.0955
 680 140 0.0449
 680 150 0.0421
 680 160 0.0647
 680 170 0.0838
 680 180 0.0675
 680 190 0.0639
 680 200 0.0741
 680 210 0.0601
 680 220 0.0674
 680 230 0.0614
 680 240 0.0403
 680 250 0.0454
 680 260 0.0559
 680 270 0.0702
 680 280 0.0658
 680 290 0.0563
 680 300 0.0531
 680 310 0.0526
 680 320 0.0631
 680 330 0.0458
 680 340 0.0593
 680 350 0.0588
 680 360 0.0599
 680 370 0.0457
 680 380 0.0697
 680 390 0.0668
 680 400 0.0472
 680 410 0.0727
 680 420 0.0694
 680 430 0.0666
 680 440  0.052
 680 450 0.0566
 680 460 0.0537
 680 470 0.0844
 680 480 0.0907
 680 490 0.0989
 680 500 0.0881
 680 510 0.0766
 680 520 0.0628
 680 530 0.0749
 680 540  0.124
 680 550 0.0912
 680 560 0.0515
 680 570 0.0513
 680 580 0.0332
 680 590  10000
 680 600  10000
 680 610  10000
 680 620  10000
 680 630  10000
 680 640  10000
 680 650  10000
 680 660  10000
 680 670  10000
 680 680  10000
 680 690  10000
 680 700  10000
 680 710  10000
 680 720  10000
 680 730  10000
 680 740  10000
 680 750  10000
 680 760  10000
 680 770  10000
 680 780 0.0256
 680 790 0.0328
 680 800 0.0287
 690 130  0.132
 690 140 0.0499
 690 150 0.0401
 690 160 0.0601
 690 170 0.0746
 690 180 0.0574
 690 190 0.0587
 690 200 0.0628
 690 210 0.0761
 690 220 0.0772
 690 230 0.0867
 690 240 0.0402
 690 250 0.0489
 690 260 0.0562
 690 270 0.0512
 690 280 0.0694
 690 290 0.0597
 690 300 0.0548
 690 310 0.0539
 690 320 0.0744
 690 330 0.0466
 690 340 0.0469
 690 350 0.0592
 690 360 0.0589
 690 370 0.0718
 690 380 0.0687
 690 390 0.0692
 690 400 0.0497
 690 410 0.0756
 690 420 0.0711
 690 430 0.0679
 690 440 0.0564
 690 450 0.0502
 690 460 0.0592
 690 470 0.0814
 690 480 0.0833
 690 490 0.0906
 690 500 0.0961
 690 510 0.0774
 690 520 0.0601
 690 530  0.056
 690 540  0.119
 690 550  0.122
 690 560 0.0752
 690 570 0.0487
 690 580 0.0744
 690 590 0.0402
 690 600  10000
 690 610  10000
 690 620  10000
 690 630  10000
 690 640  10000
 690 650  10000
 690 660  10000
 690 670  10000
 690 680  10000
 690 690  10000
 690 700  10000
 690 710  10000
 690 720  10000
 690 730  10000
 690 740  10000
 690 750  10000
 690 760  10000
 690 770  10000
 690 780  10000
 690 790 0.0261
 690 800 0.0312
 700 130  0.119
 700 140 0.0666
 700 150 0.0386
 700 160 0.0403
 700 170 0.0847
 700 180 0.0694
 700 190 0.0719
 700 200 0.0603
 700 210  0.073
 700 220  0.074
 700 230 0.0852
 700 240 0.0441
 700 250 0.0488
 700 260 0.0532
 700 270  0.056
 700 280 0.0567
 700 290 0.0719
 700 300   0.06
 700 310 0.0522
 700 320 0.0641
 700 330 0.0541
 700 340  0.048
 700 350 0.0542
 700 360 0.0527
 700 370   0.07
 700 380 0.0944
 700 390 0.0617
 700 400 0.0618
 700 410  0.078
 700 420 0.0732
 700 430 0.0741
 700 440 0.0531
 700 450 0.0491
 700 460 0.0507
 700 470 0.0791
 700 480 0.0836
 700 490 0.0858
 700 500 0.0835
 700 510 0.0745
 700 520 0.0578
 700 530 0.0517
 700 540 0.0791
 700 550  0.132
 700 560  0.103
 700 570 0.0703
 700 580 0.0546
 700 590  0.096
 700 600 0.0292
 700 610  10000
 700 620  10000
 700 630  10000
 700 640  10000
 700 650  10000
 700 660  10000
 700 670  10000
 700 680  10000
 700 690  10000
 700 700  10000
 700 710  10000
 700 720  10000
 700 730  10000
 700 740  10000
 700 750  10000
 700 760  10000
 700 770  10000
 700 780  10000
 700 790  10000
 700 800 0.0284
 710 130  0.094
 710 140 0.0787
 710 150 0.0433
 710 160  0.039
 710 170 0.0677
 710 180  0.059
 710 190 0.0557
 710 200 0.0643
 710 210  0.057
 710 220 0.0724
 710 230 0.0922
 710 240 0.0594
 710 250   0.05
 710 260 0.0576
 710 270 0.0581
 710 280 0.0578
 710 290 0.0633
 710 300 0.0617
 710 310 0.0572
 710 320 0.0773
 710 330 0.0535
 710 340 0.0512
 710 350 0.0458
 710 360 0.0542
 710 370  0.063
 710 380  0.103
 710 390 0.0604
 710 400 0.0556
 710 410 0.0828
 710 420 0.0708
 710 430 0.0738
 710 440   0.06
 710 450 0.0552
 710 460 0.0542
 710 470 0.0603
 710 480 0.0703
 710 490 0.0894
 710 500 0.0768
 710 510 0.0865
 710 520 0.0545
 710 530 0.0443
 710 540 0.0834
 710 550  0.071
 710 560 0.0997
 710 570 0.0978
 710 580 0.0615
 710 590 0.0526
 710 600 0.0764
 710 610 0.0373
 710 620  10000
 710 630  10000
 710 640  10000
 710 650  10000
 710 660  10000
 710 670  10000
 710 680  10000
 710 690  10000
 710 700  10000
 710 710  10000
 710 720  10000
 710 730  10000
 710 740  10000
 710 750  10000
 710 760  10000
 710 770  10000
 710 780  10000
 710 790  10000
 710 800  10000
 720 130 0.0875
 720 140 0.0867
 720 150 0.0389
 720 160  0.042
 720 170 0.0447
 720 180 0.0721
 720 190 0.0633
 720 200 0.0723
 720 210 0.0619
 720 220 0.0598
 720 230 0.0922
 720 240 0.0632
 720 250 0.0586
 720 260 0.0553
 720 270 0.0609
 720 280 0.0626
 720 290 0.0595
 720 300 0.0599
 720 310 0.0532
 720 320 0.0793
 720 330 0.0579
 720 340 0.0703
 720 350 0.0497
 720 360 0.0485
 720 370 0.0805
 720 380 0.0966
 720 390 0.0788
 720 400 0.0591
 720 410 0.0779
 720 420 0.0729
 720 430 0.0731
 720 440 0.0609
 720 450 0.0551
 720 460 0.0565
 720 470 0.0592
 720 480 0.0598
 720 490 0.0833
 720 500  0.116
 720 510 0.0798
 720 520  0.055
 720 530 0.0497
 720 540 0.0506
 720 550 0.0668
 720 560 0.0569
 720 570 0.0962
 720 580   0.11
 720 590 0.0614
 720 600 0.0537
 720 610 0.0628
 720 620 0.0397
 720 630  10000
 720 640  10000
 720 650  10000
 720 660  10000
 720 670  10000
 720 680  10000
 720 690  10000
 720 700  10000
 720 710  10000
 720 720  10000
 720 730  10000
 720 740  10000
 720 750  10000
 720 760  10000
 720 770  10000
 720 780  10000
 720 790  10000
 720 800  10000
 730 130 0.0761
 730 140 0.0718
 730 150 0.0486
 730 160 0.0404
 730 170 0.0332
 730 180 0.0586
 730 190 0.0488
 730 200 0.0649
 730 210 0.0604
 730 220 0.0535
 730 230 0.0752
 730 240 0.0686
 730 250 0.0584
 730 260 0.0498
 730 270 0.0618
 730 280 0.0575
 730 290 0.0525
 730 300 0.0515
 730 310 0.0562
 730 320 0.0733
 730 330 0.0757
 730 340 0.0671
 730 350 0.0792
 730 360 0.0441
 730 370 0.0607
 730 380 0.0979
 730 390  0.083
 730 400 0.0657
 730 410 0.0798
 730 420 0.0731
 730 430 0.0788
 730 440 0.0582
 730 450 0.0598
 730 460 0.0525
 730 470 0.0571
 730 480 0.0608
 730 490 0.0729
 730 500 0.0966
 730 510  0.102
 730 520 0.0605
 730 530 0.0483
 730 540 0.0515
 730 550 0.0387
 730 560 0.0631
 730 570 0.0607
 730 580  0.105
 730 590  0.114
 730 600 0.0631
 730 610 0.0661
 730 620 0.0579
 730 630 0.0383
 730 640  10000
 730 650  10000
 730 660  10000
 730 670  10000
 730 680  10000
 730 690  10000
 730 700  10000
 730 710  10000
 730 720  10000
 730 730  10000
 730 740  10000
 730 750  10000
 730 760  10000
 730 770  10000
 730 780  10000
 730 790  10000
 730 800  10000
 740 130 0.0591
 740 140 0.0587
 740 150 0.0577
 740 160 0.0454
 740 170 0.0366
 740 180 0.0469
 740 190 0.0615
 740 200 0.0788
 740 210 0.0632
 740 220  0.056
 740 230 0.0612
 740 240  0.071
 740 250 0.0625
 740 260 0.0525
 740 270 0.0503
 740 280 0.0663
 740 290 0.0602
 740 300 0.0494
 740 310 0.0525
 740 320 0.0721
 740 330  0.068
 740 340 0.0665
 740 350 0.0655
 740 360 0.0694
 740 370 0.0593
 740 380 0.0745
 740 390 0.0852
 740 400 0.0709
 740 410 0.0935
 740 420 0.0835
 740 430 0.0849
 740 440 0.0649
 740 450 0.0528
 740 460  0.064
 740 470  0.056
 740 480 0.0573
 740 490 0.0761
 740 500 0.0769
 740 510 0.0846
 740 520 0.0746
 740 530 0.0576
 740 540  0.045
 740 550 0.0372
 740 560 0.0385
 740 570 0.0769
 740 580 0.0911
 740 590  0.108
 740 600  0.119
 740 610 0.0787
 740 620 0.0541
 740 630   0.07
 740 640 0.0414
 740 650  10000
 740 660  10000
 740 670  10000
 740 680  10000
 740 690  10000
 740 700  10000
 740 710  10000
 740 720  10000
 740 730  10000
 740 740  10000
 740 750  10000
 740 760  10000
 740 770  10000
 740 780  10000
 740 790  10000
 740 800  10000
 750 130 0.0572
 750 140 0.0398
 750 150 0.0607
 750 160 0.0572
 750 170 0.0349
 750 180 0.0375
 750 190 0.0518
 750 200 0.0657
 750 210 0.0693
 750 220 0.0511
 750 230 0.0656
 750 240 0.0642
 750 250 0.0628
 750 260 0.0455
 750 270 0.0503
 750 280  0.063
 750 290 0.0719
 750 300 0.0521
 750 310 0.0523
 750 320  0.063
 750 330 0.0577
 750 340 0.0706
 750 350 0.0739
 750 360 0.0686
 750 370 0.0713
 750 380 0.0836
 750 390 0.0797
 750 400 0.0663
 750 410  0.116
 750 420 0.0952
 750 430 0.0874
 750 440 0.0635
 750 450 0.0571
 750 460 0.0538
 750 470 0.0586
 750 480 0.0502
 750 490 0.0632
 750 500 0.0681
 750 510  0.073
 750 520 0.0609
 750 530 0.0701
 750 540 0.0745
 750 550 0.0353
 750 560 0.0373
 750 570 0.0453
 750 580 0.0791
 750 590 0.0865
 750 600 0.0939
 750 610  0.131
 750 620 0.0653
 750 630 0.0529
 750 640  0.064
 750 650 0.0492
 750 660  10000
 750 670  10000
 750 680  10000
 750 690  10000
 750 700  10000
 750 710  10000
 750 720  10000
 750 730  10000
 750 740  10000
 750 750  10000
 750 760  10000
 750 770  10000
 750 780  10000
 750 790  10000
 750 800  10000
 760 130 0.0584
 760 140 0.0321
 760 150 0.0514
 760 160 0.0589
 760 170 0.0433
 760 180 0.0441
 760 190 0.0404
 760 200 0.0698
 760 210 0.0767
 760 220 0.0559
 760 230 0.0653
 760 240 0.0649
 760 250 0.0603
 760 260  0.051
 760 270 0.0548
 760 280 0.0529
 760 290 0.0794
 760 300  0.058
 760 310 0.0536
 760 320 0.0506
 760 330 0.0541
 760 340 0.0553
 760 350 0.0761
 760 360 0.0728
 760 370 0.0698
 760 380  0.084
 760 390 0.0906
 760 400 0.0804
 760 410  0.109
 760 420  0.119
 760 430 0.0974
 760 440 0.0619
 760 450 0.0479
 760 460 0.0563
 760 470  0.052
 760 480   0.05
 760 490 0.0561
 760 500 0.0627
 760 510 0.0676
 760 520 0.0664
 760 530 0.0614
 760 540 0.0698
 760 550  0.061
 760 560 0.0402
 760 570 0.0467
 760 580 0.0427
 760 590 0.0785
 760 600 0.0908
 760 610  0.113
 760 620  0.122
 760 630 0.0602
 760 640 0.0595
 760 650 0.0613
 760 660 0.0325
 760 670  10000
 760 680  10000
 760 690  10000
 760 700  10000
 760 710  10000
 760 720  10000
 760 730  10000
 760 740  10000
 760 750  10000
 760 760  10000
 760 770  10000
 760 780  10000
 760 790  10000
 760 800  10000
 770 130 0.0571
 770 140 0.0322
 770 150 0.0491
 770 160 0.0561
 770 170 0.0486
 770 180 0.0357
 770 190 0.0292
 770 200 0.0581
 770 210 0.0667
 770 220  0.063
 770 230 0.0559
 770 240 0.0599
 770 250 0.0568
 770 260 0.0541
 770 270 0.0555
 770 280 0.0482
 770 290 0.0619
 770 300 0.0772
 770 310 0.0509
 770 320 0.0535
 770 330 0.0441
 770 340 0.0643
 770 350 0.0523
 770 360 0.0857
 770 370 0.0815
 770 380  0.106
 770 390 0.0889
 770 400 0.0878
 770 410  0.135
 770 420  0.118
 770 430  0.112
 770 440 0.0617
 770 450 0.0483
 770 460 0.0559
 770 470 0.0557
 770 480 0.0458
 770 490 0.0611
 770 500 0.0572
 770 510 0.0623
 770 520  0.053
 770 530 0.0619
 770 540 0.0581
 770 550 0.0554
 770 560 0.0677
 770 570 0.0563
 770 580 0.0417
 770 590 0.0487
 770 600 0.0703
 770 610 0.0759
 770 620   0.13
 770 630  0.124
 770 640 0.0667
 770 650 0.0578
 770 660 0.0496
 770 670 0.0291
 770 680  10000
 770 690  10000
 770 700  10000
 770 710  10000
 770 720  10000
 770 730  10000
 770 740  10000
 770 750  10000
 770 760  10000
 770 770  10000
 770 780  10000
 770 790  10000
 770 800  10000
 780 130 0.0665
 780 140 0.0326
 780 150 0.0347
 780 160 0.0435
 780 170 0.0612
 780 180 0.0526
 780 190 0.0378
 780 200 0.0385
 780 210  0.071
 780 220 0.0621
 780 230 0.0578
 780 240 0.0497
 780 250 0.0582
 780 260 0.0471
 780 270   0.06
 780 280 0.0454
 780 290 0.0509
 780 300 0.0553
 780 310 0.0702
 780 320 0.0582
 780 330  0.039
 780 340 0.0547
 780 350 0.0581
 780 360 0.0609
 780 370 0.0898
 780 380  0.118
 780 390  0.102
 780 400 0.0895
 780 410  0.115
 780 420  0.139
 780 430  0.124
 780 440 0.0765
 780 450 0.0504
 780 460 0.0463
 780 470 0.0529
 780 480 0.0466
 780 490  0.057
 780 500 0.0536
 780 510 0.0547
 780 520 0.0483
 780 530 0.0543
 780 540 0.0584
 780 550 0.0464
 780 560 0.0582
 780 570 0.0646
 780 580 0.0489
 780 590 0.0382
 780 600 0.0463
 780 610 0.0644
 780 620 0.0972
 780 630  0.109
 780 640  0.111
 780 650 0.0653
 780 660 0.0529
 780 670 0.0491
 780 680 0.0256
 780 690  10000
 780 700  10000
 780 710  10000
 780 720  10000
 780 730  10000
 780 740  10000
 780 750  10000
 780 760  10000
 780 770  10000
 780 780  10000
 780 790  10000
 780 800  10000
 790 130 0.0537
 790 140 0.0316
 790 150 0.0291
 790 160 0.0432
 790 170 0.0542
 790 180 0.0571
 790 190 0.0294
 790 200   0.03
 790 210 0.0511
 790 220 0.0671
 790 230 0.0537
 790 240 0.0565
 790 250 0.0574
 790 260 0.0516
 790 270 0.0505
 790 280 0.0517
 790 290 0.0514
 790 300 0.0506
 790 310 0.0642
 790 320 0.0545
 790 330 0.0468
 790 340  0.051
 790 350 0.0546
 790 360 0.0478
 790 370 0.0701
 790 380  0.121
 790 390  0.094
 790 400   0.11
 790 410  0.132
 790 420   0.13
 790 430  0.121
 790 440 0.0865
 790 450 0.0621
 790 460 0.0543
 790 470 0.0552
 790 480 0.0444
 790 490 0.0516
 790 500 0.0555
 790 510 0.0584
 790 520 0.0448
 790 530 0.0477
 790 540 0.0606
 790 550 0.0475
 790 560 0.0525
 790 570 0.0557
 790 580  0.057
 790 590 0.0372
 790 600 0.0403
 790 610 0.0456
 790 620 0.0801
 790 630 0.0865
 790 640 0.0945
 790 650  0.105
 790 660   0.07
 790 670 0.0443
 790 680 0.0328
 790 690 0.0261
 790 700  10000
 790 710  10000
 790 720  10000
 790 730  10000
 790 740  10000
 790 750  10000
 790 760  10000
 790 770  10000
 790 780  10000
 790 790  10000
 790 800  10000
 800 130 0.0564
 800 140 0.0318
 800 150 0.0276
 800 160 0.0298
 800 170 0.0576
 800 180 0.0634
 800 190 0.0336
 800 200 0.0338
 800 210 0.0414
 800 220  0.076
 800 230 0.0567
 800 240 0.0474
 800 250 0.0519
 800 260 0.0507
 800 270 0.0434
 800 280 0.0524
 800 290 0.0499
 800 300 0.0426
 800 310 0.0542
 800 320 0.0596
 800 330 0.0478
 800 340 0.0495
 800 350 0.0547
 800 360 0.0384
 800 370 0.0584
 800 380  0.107
 800 390 0.0906
 800 400 0.0973
 800 410  0.158
 800 420  0.138
 800 430  0.131
 800 440 0.0923
 800 450 0.0751
 800 460 0.0587
 800 470 0.0708
 800 480 0.0412
 800 490  0.051
 800 500  0.052
 800 510 0.0589
 800 520 0.0518
 800 530 0.0376
 800 540 0.0573
 800 550 0.0512
 800 560  0.051
 800 570 0.0513
 800 580 0.0452
 800 590 0.0442
 800 600 0.0376
 800 610 0.0408
 800 620  0.055
 800 630  0.076
 800 640 0.0825
 800 650 0.0937
 800 660  0.107
 800 670 0.0603
 800 680 0.0287
 800 690 0.0312
 800 700 0.0284
 800 710  10000
 800 720  10000
 800 730  10000
 800 740  10000
 800 750  10000
 800 760  10000
 800 770  10000
 800 780  10000
 800 790  10000
 800 800  10000
