130	230	0.687
130	240	0.826
130	250	0.563
130	260	0.348
130	270	0.55
130	280	0.252
130	290	0.23
130	300	0.165
130	310	0.168
130	320	0.205
130	330	0.267
130	340	0.207
130	350	0.159
130	360	0.203
130	370	0.214
130	380	0.251
130	390	0.205
130	400	0.138
130	410	0.168
130	420	0.183
130	430	0.247
130	440	0.187
130	450	0.164
130	460	0.136
130	470	0.101
130	480	0.0967
130	490	0.121
130	500	0.154
130	510	0.158
130	520	0.133
130	530	0.104
130	540	0.0784
130	550	0.0646
130	560	0.0606
130	570	0.0543
130	580	0.0483
130	590	0.0465
130	600	0.0478
130	610	0.0422
130	620	0.0335
130	630	0.028
130	640	0.0276
130	650	0.0284
130	660	0.0323
130	670	0.0427
130	680	0.0511
130	690	0.0545
130	700	0.0533
130	710	0.0459
130	720	0.0361
130	730	0.0276
130	740	0.0245
130	750	0.0244
130	760	0.0244
130	770	0.0228
130	780	0.0221
130	790	0.0237
130	800	0.0257
140	240	0.57
140	250	0.498
140	260	0.531
140	270	0.334
140	280	0.433
140	290	0.222
140	300	0.178
140	310	0.159
140	320	0.163
140	330	0.199
140	340	0.226
140	350	0.179
140	360	0.122
140	370	0.141
140	380	0.184
140	390	0.213
140	400	0.204
140	410	0.173
140	420	0.132
140	430	0.167
140	440	0.203
140	450	0.18
140	460	0.131
140	470	0.114
140	480	0.0879
140	490	0.0731
140	500	0.0778
140	510	0.0931
140	520	0.123
140	530	0.154
140	540	0.116
140	550	0.0952
140	560	0.0896
140	570	0.077
140	580	0.0774
140	590	0.0641
140	600	0.044
140	610	0.0351
140	620	0.03
140	630	0.0271
140	640	0.0262
140	650	0.0255
140	660	0.0243
140	670	0.0255
140	680	0.0241
140	690	0.0264
140	700	0.0343
140	710	0.0418
140	720	0.0444
140	730	0.0396
140	740	0.0283
140	750	0.0202
140	760	0.0184
140	770	0.0188
140	780	0.0185
140	790	0.0164
140	800	0.0139
150	250	0.686
150	260	0.335
150	270	0.417
150	280	0.28
150	290	0.393
150	300	0.334
150	310	0.175
150	320	0.182
150	330	0.173
150	340	0.212
150	350	0.18
150	360	0.164
150	370	0.141
150	380	0.13
150	390	0.137
150	400	0.142
150	410	0.133
150	420	0.131
150	430	0.132
150	440	0.162
150	450	0.226
150	460	0.233
150	470	0.201
150	480	0.168
150	490	0.122
150	500	0.0998
150	510	0.0819
150	520	0.0718
150	530	0.0794
150	540	0.0929
150	550	0.0973
150	560	0.0845
150	570	0.0689
150	580	0.0628
150	590	0.069
150	600	0.0673
150	610	0.0573
150	620	0.0406
150	630	0.0319
150	640	0.0293
150	650	0.0292
150	660	0.0269
150	670	0.0235
150	680	0.0223
150	690	0.0231
150	700	0.0212
150	710	0.0203
150	720	0.0234
150	730	0.0278
150	740	0.0322
150	750	0.0335
150	760	0.0306
150	770	0.0237
150	780	0.0189
150	790	0.017
150	800	0.0159
160	260	0.453
160	270	0.376
160	280	0.335
160	290	0.33
160	300	0.37
160	310	0.352
160	320	0.146
160	330	0.123
160	340	0.122
160	350	0.15
160	360	0.132
160	370	0.107
160	380	0.127
160	390	0.0949
160	400	0.105
160	410	0.142
160	420	0.12
160	430	0.107
160	440	0.106
160	450	0.102
160	460	0.134
160	470	0.173
160	480	0.178
160	490	0.133
160	500	0.111
160	510	0.0948
160	520	0.0728
160	530	0.062
160	540	0.0587
160	550	0.0684
160	560	0.0919
160	570	0.106
160	580	0.0894
160	590	0.0787
160	600	0.0555
160	610	0.0524
160	620	0.0557
160	630	0.0487
160	640	0.0415
160	650	0.0442
160	660	0.0441
160	670	0.0454
160	680	0.0411
160	690	0.0371
160	700	0.0317
160	710	0.0282
160	720	0.0253
160	730	0.025
160	740	0.0265
160	750	0.0289
160	760	0.0303
160	770	0.0301
160	780	0.0286
160	790	0.024
160	800	0.019
170	270	0.299
170	280	0.304
170	290	0.618
170	300	0.378
170	310	0.412
170	320	0.359
170	330	0.147
170	340	0.117
170	350	0.124
170	360	0.141
170	370	0.161
170	380	0.112
170	390	0.117
170	400	0.0931
170	410	0.0868
170	420	0.109
170	430	0.114
170	440	0.0811
170	450	0.0892
170	460	0.102
170	470	0.119
170	480	0.152
170	490	0.179
170	500	0.153
170	510	0.129
170	520	0.108
170	530	0.0835
170	540	0.0634
170	550	0.0564
170	560	0.0515
170	570	0.0599
170	580	0.0858
170	590	0.0998
170	600	0.1
170	610	0.0919
170	620	0.0685
170	630	0.0638
170	640	0.0682
170	650	0.0537
170	660	0.0483
170	670	0.0502
170	680	0.0549
170	690	0.0536
170	700	0.0434
170	710	0.031
170	720	0.0224
170	730	0.0192
170	740	0.0181
170	750	0.0209
170	760	0.0263
170	770	0.0306
170	780	0.0328
170	790	0.0338
170	800	0.0338
180	280	0.212
180	290	0.373
180	300	0.625
180	310	0.28
180	320	0.277
180	330	0.292
180	340	0.155
180	350	0.117
180	360	0.112
180	370	0.168
180	380	0.211
180	390	0.127
180	400	0.15
180	410	0.13
180	420	0.119
180	430	0.115
180	440	0.12
180	450	0.0976
180	460	0.0884
180	470	0.0862
180	480	0.0841
180	490	0.104
180	500	0.146
180	510	0.149
180	520	0.122
180	530	0.104
180	540	0.0741
180	550	0.0523
180	560	0.0373
180	570	0.0302
180	580	0.028
180	590	0.0346
180	600	0.0488
180	610	0.0543
180	620	0.0543
180	630	0.0446
180	640	0.0386
180	650	0.0462
180	660	0.0518
180	670	0.049
180	680	0.045
180	690	0.0435
180	700	0.0457
180	710	0.0465
180	720	0.0394
180	730	0.0315
180	740	0.028
180	750	0.0249
180	760	0.0219
180	770	0.0222
180	780	0.0256
180	790	0.031
180	800	0.0358
190	290	0.26
190	300	0.334
190	310	0.448
190	320	0.262
190	330	0.255
190	340	0.259
190	350	0.156
190	360	0.105
190	370	0.0959
190	380	0.141
190	390	0.231
190	400	0.154
190	410	0.174
190	420	0.153
190	430	0.12
190	440	0.0946
190	450	0.0882
190	460	0.0872
190	470	0.0595
190	480	0.0525
190	490	0.0538
190	500	0.0528
190	510	0.062
190	520	0.0929
190	530	0.109
190	540	0.119
190	550	0.106
190	560	0.0831
190	570	0.0643
190	580	0.0495
190	590	0.0346
190	600	0.0307
190	610	0.0369
190	620	0.0461
190	630	0.0552
190	640	0.0574
190	650	0.0511
190	660	0.05
190	670	0.0569
190	680	0.058
190	690	0.0559
190	700	0.0475
190	710	0.0433
190	720	0.0448
190	730	0.0434
190	740	0.0382
190	750	0.0298
190	760	0.0257
190	770	0.0226
190	780	0.0186
190	790	0.017
190	800	0.0184
200	300	0.21
200	310	0.441
200	320	0.376
200	330	0.245
200	340	0.252
200	350	0.24
200	360	0.167
200	370	0.121
200	380	0.132
200	390	0.139
200	400	0.163
200	410	0.146
200	420	0.154
200	430	0.167
200	440	0.124
200	450	0.11
200	460	0.132
200	470	0.135
200	480	0.0789
200	490	0.055
200	500	0.0508
200	510	0.0548
200	520	0.0577
200	530	0.0628
200	540	0.0665
200	550	0.0832
200	560	0.109
200	570	0.0988
200	580	0.0709
200	590	0.0496
200	600	0.0368
200	610	0.0282
200	620	0.0278
200	630	0.0322
200	640	0.0374
200	650	0.0427
200	660	0.0454
200	670	0.0456
200	680	0.045
200	690	0.0513
200	700	0.0548
200	710	0.0524
200	720	0.0493
200	730	0.0516
200	740	0.0551
200	750	0.0537
200	760	0.0422
200	770	0.0293
200	780	0.0229
200	790	0.02
200	800	0.0181
210	310	0.219
210	320	0.517
210	330	0.261
210	340	0.149
210	350	0.196
210	360	0.187
210	370	0.179
210	380	0.131
210	390	0.123
210	400	0.126
210	410	0.164
210	420	0.127
210	430	0.139
210	440	0.182
210	450	0.115
210	460	0.113
210	470	0.115
210	480	0.116
210	490	0.0966
210	500	0.0697
210	510	0.0439
210	520	0.0414
210	530	0.0418
210	540	0.0468
210	550	0.0524
210	560	0.0653
210	570	0.0978
210	580	0.104
210	590	0.0852
210	600	0.0649
210	610	0.0451
210	620	0.0333
210	630	0.0269
210	640	0.0294
210	650	0.0342
210	660	0.0414
210	670	0.0501
210	680	0.0511
210	690	0.048
210	700	0.0447
210	710	0.0475
210	720	0.0471
210	730	0.0465
210	740	0.0474
210	750	0.0519
210	760	0.0513
210	770	0.0457
210	780	0.0329
210	790	0.0255
210	800	0.0217
220	320	0.208
220	330	0.352
220	340	0.247
220	350	0.157
220	360	0.192
220	370	0.186
220	380	0.169
220	390	0.136
220	400	0.14
220	410	0.131
220	420	0.144
220	430	0.131
220	440	0.132
220	450	0.201
220	460	0.123
220	470	0.11
220	480	0.127
220	490	0.118
220	500	0.113
220	510	0.0775
220	520	0.0494
220	530	0.0399
220	540	0.0388
220	550	0.0434
220	560	0.047
220	570	0.046
220	580	0.0558
220	590	0.0761
220	600	0.0776
220	610	0.0637
220	620	0.0493
220	630	0.0392
220	640	0.0322
220	650	0.0304
220	660	0.0323
220	670	0.0389
220	680	0.0528
220	690	0.061
220	700	0.0578
220	710	0.0506
220	720	0.044
220	730	0.0421
220	740	0.0371
220	750	0.0314
220	760	0.0338
220	770	0.0427
220	780	0.0496
220	790	0.0502
220	800	0.0386
230	330	0.126
230	340	0.361
230	350	0.3
230	360	0.172
230	370	0.167
230	380	0.208
230	390	0.136
230	400	0.137
230	410	0.152
230	420	0.183
230	430	0.148
230	440	0.152
230	450	0.154
230	460	0.183
230	470	0.143
230	480	0.119
230	490	0.126
230	500	0.112
230	510	0.0851
230	520	0.0727
230	530	0.0583
230	540	0.0393
230	550	0.0365
230	560	0.0342
230	570	0.0396
230	580	0.0399
230	590	0.044
230	600	0.058
230	610	0.0792
230	620	0.0686
230	630	0.0455
230	640	0.032
230	650	0.0277
230	660	0.0249
230	670	0.0267
230	680	0.0333
230	690	0.0455
230	700	0.058
230	710	0.0604
230	720	0.0528
230	730	0.0445
230	740	0.0415
230	750	0.0426
230	760	0.0457
230	770	0.0391
230	780	0.0363
230	790	0.0388
230	800	0.0409
240	340	0.14
240	350	0.25
240	360	0.299
240	370	0.151
240	380	0.175
240	390	0.185
240	400	0.148
240	410	0.175
240	420	0.199
240	430	0.232
240	440	0.198
240	450	0.178
240	460	0.126
240	470	0.154
240	480	0.135
240	490	0.101
240	500	0.116
240	510	0.121
240	520	0.105
240	530	0.0882
240	540	0.0758
240	550	0.0532
240	560	0.0423
240	570	0.0376
240	580	0.0395
240	590	0.0443
240	600	0.0396
240	610	0.0428
240	620	0.0541
240	630	0.0526
240	640	0.0419
240	650	0.0319
240	660	0.0262
240	670	0.0241
240	680	0.0243
240	690	0.0264
240	700	0.0314
240	710	0.0394
240	720	0.0483
240	730	0.0507
240	740	0.0487
240	750	0.0429
240	760	0.0442
240	770	0.0459
240	780	0.0418
240	790	0.0347
240	800	0.0284
250	350	0.202
250	360	0.213
250	370	0.24
250	380	0.122
250	390	0.156
250	400	0.146
250	410	0.132
250	420	0.132
250	430	0.141
250	440	0.237
250	450	0.207
250	460	0.155
250	470	0.114
250	480	0.122
250	490	0.102
250	500	0.0885
250	510	0.0979
250	520	0.124
250	530	0.086
250	540	0.0632
250	550	0.0788
250	560	0.0725
250	570	0.0563
250	580	0.0446
250	590	0.0355
250	600	0.0364
250	610	0.0324
250	620	0.0315
250	630	0.0404
250	640	0.0503
250	650	0.048
250	660	0.0364
250	670	0.0291
250	680	0.0289
250	690	0.0314
250	700	0.0326
250	710	0.0339
250	720	0.0374
250	730	0.0437
250	740	0.0477
250	750	0.0462
250	760	0.0415
250	770	0.0402
250	780	0.0425
250	790	0.042
250	800	0.0379
260	360	0.317
260	370	0.157
260	380	0.163
260	390	0.133
260	400	0.142
260	410	0.134
260	420	0.138
260	430	0.175
260	440	0.139
260	450	0.227
260	460	0.21
260	470	0.146
260	480	0.138
260	490	0.133
260	500	0.0868
260	510	0.0634
260	520	0.0573
260	530	0.0824
260	540	0.0846
260	550	0.0632
260	560	0.0671
260	570	0.0646
260	580	0.0481
260	590	0.0429
260	600	0.0348
260	610	0.0383
260	620	0.0453
260	630	0.0414
260	640	0.0499
260	650	0.0688
260	660	0.0738
260	670	0.0584
260	680	0.0427
260	690	0.0369
260	700	0.0419
260	710	0.0403
260	720	0.0358
260	730	0.0323
260	740	0.0312
260	750	0.0327
260	760	0.033
260	770	0.032
260	780	0.0327
260	790	0.0328
260	800	0.0334
270	370	0.295
270	380	0.15
270	390	0.21
270	400	0.153
270	410	0.15
270	420	0.112
270	430	0.103
270	440	0.128
270	450	0.129
270	460	0.184
270	470	0.174
270	480	0.131
270	490	0.13
270	500	0.117
270	510	0.0729
270	520	0.0582
270	530	0.0628
270	540	0.087
270	550	0.0994
270	560	0.072
270	570	0.0765
270	580	0.093
270	590	0.0823
270	600	0.0632
270	610	0.0507
270	620	0.0462
270	630	0.0473
270	640	0.0386
270	650	0.0373
270	660	0.0477
270	670	0.0559
270	680	0.0462
270	690	0.0383
270	700	0.0358
270	710	0.0424
270	720	0.0436
270	730	0.0387
270	740	0.0357
270	750	0.0346
270	760	0.0343
270	770	0.037
270	780	0.0383
270	790	0.0392
270	800	0.0363
280	380	0.277
280	390	0.136
280	400	0.199
280	410	0.158
280	420	0.133
280	430	0.0934
280	440	0.104
280	450	0.1
280	460	0.103
280	470	0.149
280	480	0.175
280	490	0.173
280	500	0.138
280	510	0.131
280	520	0.0815
280	530	0.0624
280	540	0.0648
280	550	0.0755
280	560	0.081
280	570	0.0604
280	580	0.0561
280	590	0.075
280	600	0.0821
280	610	0.0693
280	620	0.0578
280	630	0.044
280	640	0.0463
280	650	0.0401
280	660	0.0351
280	670	0.0435
280	680	0.056
280	690	0.0525
280	700	0.0408
280	710	0.0338
280	720	0.0362
280	730	0.0463
280	740	0.0491
280	750	0.0438
280	760	0.0375
280	770	0.0329
280	780	0.0336
280	790	0.0374
280	800	0.0373
290	390	0.259
290	400	0.102
290	410	0.214
290	420	0.178
290	430	0.127
290	440	0.096
290	450	0.109
290	460	0.145
290	470	0.0905
290	480	0.124
290	490	0.139
290	500	0.134
290	510	0.124
290	520	0.107
290	530	0.0658
290	540	0.0529
290	550	0.0559
290	560	0.0579
290	570	0.0713
290	580	0.066
290	590	0.0491
290	600	0.0725
290	610	0.0898
290	620	0.0687
290	630	0.0585
290	640	0.0539
290	650	0.0431
290	660	0.0421
290	670	0.036
290	680	0.0396
290	690	0.0523
290	700	0.059
290	710	0.0476
290	720	0.0373
290	730	0.0364
290	740	0.0462
290	750	0.0561
290	760	0.056
290	770	0.049
290	780	0.0412
290	790	0.0383
290	800	0.0356
300	400	0.255
300	410	0.0967
300	420	0.255
300	430	0.21
300	440	0.11
300	450	0.0752
300	460	0.111
300	470	0.151
300	480	0.0996
300	490	0.0978
300	500	0.104
300	510	0.102
300	520	0.0823
300	530	0.105
300	540	0.0779
300	550	0.0508
300	560	0.0515
300	570	0.0672
300	580	0.0828
300	590	0.0615
300	600	0.0429
300	610	0.06
300	620	0.0851
300	630	0.071
300	640	0.0608
300	650	0.0513
300	660	0.0483
300	670	0.0489
300	680	0.0447
300	690	0.0403
300	700	0.0445
300	710	0.0605
300	720	0.0603
300	730	0.0447
300	740	0.0396
300	750	0.0474
300	760	0.0528
300	770	0.0516
300	780	0.0449
300	790	0.036
300	800	0.0283
310	410	0.265
310	420	0.0958
310	430	0.196
310	440	0.207
310	450	0.11
310	460	0.0596
310	470	0.0975
310	480	0.114
310	490	0.0969
310	500	0.0939
310	510	0.113
310	520	0.136
310	530	0.0925
310	540	0.102
310	550	0.0688
310	560	0.0416
310	570	0.0412
310	580	0.0458
310	590	0.0617
310	600	0.0657
310	610	0.0433
310	620	0.0449
310	630	0.067
310	640	0.0728
310	650	0.066
310	660	0.0491
310	670	0.0369
310	680	0.0423
310	690	0.0457
310	700	0.0395
310	710	0.0388
310	720	0.0414
310	730	0.0445
310	740	0.0405
310	750	0.0353
310	760	0.0404
310	770	0.051
310	780	0.0531
310	790	0.0535
310	800	0.0466
320	420	0.308
320	430	0.114
320	440	0.148
320	450	0.194
320	460	0.118
320	470	0.0582
320	480	0.0807
320	490	0.0836
320	500	0.0679
320	510	0.0658
320	520	0.0983
320	530	0.148
320	540	0.107
320	550	0.11
320	560	0.0868
320	570	0.0462
320	580	0.0389
320	590	0.048
320	600	0.0547
320	610	0.0528
320	620	0.0442
320	630	0.0511
320	640	0.073
320	650	0.0801
320	660	0.0695
320	670	0.0599
320	680	0.0533
320	690	0.056
320	700	0.0634
320	710	0.0614
320	720	0.06
320	730	0.0603
320	740	0.0579
320	750	0.0496
320	760	0.0389
320	770	0.0372
320	780	0.046
320	790	0.0533
320	800	0.049
330	430	0.254
330	440	0.141
330	450	0.176
330	460	0.211
330	470	0.126
330	480	0.0529
330	490	0.0745
330	500	0.0733
330	510	0.0622
330	520	0.0694
330	530	0.0858
330	540	0.1
330	550	0.0694
330	560	0.0726
330	570	0.0823
330	580	0.0524
330	590	0.0396
330	600	0.0506
330	610	0.0551
330	620	0.0543
330	630	0.0434
330	640	0.042
330	650	0.0655
330	660	0.0733
330	670	0.0587
330	680	0.0545
330	690	0.059
330	700	0.0632
330	710	0.0758
330	720	0.0797
330	730	0.0716
330	740	0.0665
330	750	0.0652
330	760	0.0572
330	770	0.0441
330	780	0.0391
330	790	0.0429
330	800	0.0513
340	440	0.248
340	450	0.134
340	460	0.181
340	470	0.189
340	480	0.113
340	490	0.05
340	500	0.0655
340	510	0.0721
340	520	0.0604
340	530	0.0645
340	540	0.0711
340	550	0.0907
340	560	0.0751
340	570	0.0668
340	580	0.0678
340	590	0.0503
340	600	0.0392
340	610	0.0427
340	620	0.0537
340	630	0.061
340	640	0.0531
340	650	0.055
340	660	0.0789
340	670	0.0819
340	680	0.061
340	690	0.0513
340	700	0.056
340	710	0.0641
340	720	0.0728
340	730	0.0801
340	740	0.0741
340	750	0.0657
340	760	0.0667
340	770	0.0638
340	780	0.0539
340	790	0.0413
340	800	0.0373
350	450	0.176
350	460	0.144
350	470	0.21
350	480	0.205
350	490	0.102
350	500	0.0415
350	510	0.0547
350	520	0.0769
350	530	0.0824
350	540	0.0899
350	550	0.101
350	560	0.118
350	570	0.0897
350	580	0.0608
350	590	0.0568
350	600	0.0439
350	610	0.0354
350	620	0.0367
350	630	0.0435
350	640	0.0583
350	650	0.0602
350	660	0.0518
350	670	0.0674
350	680	0.0787
350	690	0.0577
350	700	0.041
350	710	0.0448
350	720	0.0521
350	730	0.0672
350	740	0.0808
350	750	0.0802
350	760	0.072
350	770	0.0584
350	780	0.0473
350	790	0.0392
350	800	0.0345
360	460	0.239
360	470	0.178
360	480	0.16
360	490	0.211
360	500	0.111
360	510	0.0458
360	520	0.0578
360	530	0.0841
360	540	0.0835
360	550	0.0771
360	560	0.0743
360	570	0.0945
360	580	0.0675
360	590	0.038
360	600	0.0438
360	610	0.0537
360	620	0.0453
360	630	0.0448
360	640	0.0553
360	650	0.0752
360	660	0.0693
360	670	0.0577
360	680	0.0694
360	690	0.0725
360	700	0.056
360	710	0.0435
360	720	0.0494
360	730	0.0653
360	740	0.0738
360	750	0.089
360	760	0.0946
360	770	0.0816
360	780	0.0698
360	790	0.0478
360	800	0.0338
370	470	0.183
370	480	0.207
370	490	0.205
370	500	0.221
370	510	0.128
370	520	0.0475
370	530	0.066
370	540	0.0904
370	550	0.0933
370	560	0.0761
370	570	0.0743
370	580	0.0805
370	590	0.0603
370	600	0.0375
370	610	0.0353
370	620	0.0371
370	630	0.0376
370	640	0.0421
370	650	0.0536
370	660	0.0652
370	670	0.0593
370	680	0.0478
370	690	0.0582
370	700	0.0767
370	710	0.0699
370	720	0.0499
370	730	0.051
370	740	0.0604
370	750	0.0617
370	760	0.0734
370	770	0.0811
370	780	0.0809
370	790	0.0723
370	800	0.0591
380	480	0.191
380	490	0.205
380	500	0.142
380	510	0.218
380	520	0.166
380	530	0.0687
380	540	0.0704
380	550	0.0912
380	560	0.0886
380	570	0.0861
380	580	0.0821
380	590	0.0881
380	600	0.0569
380	610	0.0322
380	620	0.0301
380	630	0.0337
380	640	0.031
380	650	0.0303
380	660	0.0433
380	670	0.0611
380	680	0.0563
380	690	0.0528
380	700	0.066
380	710	0.0842
380	720	0.081
380	730	0.0558
380	740	0.0545
380	750	0.0664
380	760	0.0742
380	770	0.0858
380	780	0.101
380	790	0.0936
380	800	0.0811
390	490	0.178
390	500	0.188
390	510	0.102
390	520	0.151
390	530	0.129
390	540	0.0736
390	550	0.0708
390	560	0.0865
390	570	0.0922
390	580	0.106
390	590	0.0828
390	600	0.084
390	610	0.0657
390	620	0.0336
390	630	0.0318
390	640	0.0347
390	650	0.0315
390	660	0.0302
390	670	0.036
390	680	0.0499
390	690	0.0457
390	700	0.0442
390	710	0.0511
390	720	0.0625
390	730	0.0646
390	740	0.0541
390	750	0.0547
390	760	0.0647
390	770	0.0756
390	780	0.0774
390	790	0.0796
390	800	0.0707
400	500	0.149
400	510	0.19
400	520	0.0822
400	530	0.12
400	540	0.151
400	550	0.0929
400	560	0.0581
400	570	0.0676
400	580	0.0908
400	590	0.117
400	600	0.0823
400	610	0.0888
400	620	0.0695
400	630	0.0334
400	640	0.0373
400	650	0.0476
400	660	0.0364
400	670	0.0311
400	680	0.0368
400	690	0.0473
400	700	0.0438
400	710	0.042
400	720	0.0412
400	730	0.0501
400	740	0.0525
400	750	0.0404
400	760	0.0431
400	770	0.0652
400	780	0.0775
400	790	0.0843
400	800	0.0789
410	510	0.134
410	520	0.163
410	530	0.0851
410	540	0.105
410	550	0.131
410	560	0.0874
410	570	0.0587
410	580	0.0795
410	590	0.0988
410	600	0.105
410	610	0.0728
410	620	0.059
410	630	0.041
410	640	0.0284
410	650	0.0335
410	660	0.0463
410	670	0.041
410	680	0.04
410	690	0.0388
410	700	0.0429
410	710	0.043
410	720	0.0423
410	730	0.0429
410	740	0.0546
410	750	0.0637
410	760	0.0626
410	770	0.0582
410	780	0.071
410	790	0.0832
410	800	0.0864
420	520	0.155
420	530	0.145
420	540	0.0871
420	550	0.105
420	560	0.133
420	570	0.0832
420	580	0.0553
420	590	0.0619
420	600	0.149
420	610	0.151
420	620	0.111
420	630	0.0923
420	640	0.0556
420	650	0.0312
420	660	0.0278
420	670	0.034
420	680	0.0378
420	690	0.0348
420	700	0.0319
420	710	0.0305
420	720	0.0325
420	730	0.0343
420	740	0.0331
420	750	0.0457
420	760	0.0661
420	770	0.0754
420	780	0.0691
420	790	0.0655
420	800	0.0655
430	530	0.157
430	540	0.117
430	550	0.0835
430	560	0.11
430	570	0.163
430	580	0.0915
430	590	0.0738
430	600	0.0751
430	610	0.135
430	620	0.136
430	630	0.107
430	640	0.0877
430	650	0.0537
430	660	0.0285
430	670	0.0263
430	680	0.0275
430	690	0.0321
430	700	0.0389
430	710	0.0375
430	720	0.0371
430	730	0.0366
430	740	0.0381
430	750	0.0356
430	760	0.0444
430	770	0.0598
430	780	0.0703
430	790	0.0693
430	800	0.0647
440	540	0.114
440	550	0.0981
440	560	0.068
440	570	0.109
440	580	0.151
440	590	0.1
440	600	0.0713
440	610	0.053
440	620	0.0967
440	630	0.0939
440	640	0.0817
440	650	0.0666
440	660	0.0546
440	670	0.0307
440	680	0.0309
440	690	0.0317
440	700	0.033
440	710	0.0395
440	720	0.0408
440	730	0.0348
440	740	0.0336
440	750	0.0356
440	760	0.0321
440	770	0.0375
440	780	0.0497
440	790	0.0609
440	800	0.0628
450	550	0.106
450	560	0.0959
450	570	0.0559
450	580	0.102
450	590	0.139
450	600	0.107
450	610	0.0652
450	620	0.0542
450	630	0.0894
450	640	0.101
450	650	0.0859
450	660	0.0594
450	670	0.0521
450	680	0.0359
450	690	0.0353
450	700	0.0347
450	710	0.0337
450	720	0.0401
450	730	0.0433
450	740	0.0418
450	750	0.0368
450	760	0.0337
450	770	0.03
450	780	0.0329
450	790	0.0404
450	800	0.0496
460	560	0.0797
460	570	0.0753
460	580	0.0595
460	590	0.0778
460	600	0.131
460	610	0.122
460	620	0.0841
460	630	0.0627
460	640	0.09
460	650	0.1
460	660	0.0824
460	670	0.0508
460	680	0.0461
460	690	0.0333
460	700	0.0345
460	710	0.0402
460	720	0.0378
460	730	0.0409
460	740	0.0433
460	750	0.0417
460	760	0.035
460	770	0.0303
460	780	0.0273
460	790	0.0292
460	800	0.0387
470	570	0.0692
470	580	0.0621
470	590	0.0632
470	600	0.0779
470	610	0.113
470	620	0.108
470	630	0.107
470	640	0.0636
470	650	0.0892
470	660	0.0988
470	670	0.092
470	680	0.0607
470	690	0.0539
470	700	0.0411
470	710	0.0363
470	720	0.0383
470	730	0.0386
470	740	0.0383
470	750	0.0341
470	760	0.0326
470	770	0.031
470	780	0.0303
470	790	0.0322
470	800	0.0387
480	580	0.0597
480	590	0.0744
480	600	0.0443
480	610	0.0661
480	620	0.115
480	630	0.128
480	640	0.0941
480	650	0.0623
480	660	0.075
480	670	0.0886
480	680	0.104
480	690	0.0825
480	700	0.0702
480	710	0.0549
480	720	0.0489
480	730	0.0478
480	740	0.0386
480	750	0.0349
480	760	0.0335
480	770	0.0305
480	780	0.0284
480	790	0.0264
480	800	0.0246
490	590	0.0546
490	600	0.0721
490	610	0.0556
490	620	0.0781
490	630	0.109
490	640	0.126
490	650	0.0991
490	660	0.0638
490	670	0.0705
490	680	0.0761
490	690	0.097
490	700	0.0831
490	710	0.0725
490	720	0.0587
490	730	0.0549
490	740	0.0538
490	750	0.0435
490	760	0.0473
490	770	0.0497
490	780	0.042
490	790	0.033
490	800	0.0292
500	600	0.0662
500	610	0.048
500	620	0.0716
500	630	0.109
500	640	0.124
500	650	0.1
500	660	0.0842
500	670	0.0519
500	680	0.0537
500	690	0.0664
500	700	0.0911
500	710	0.104
500	720	0.105
500	730	0.0758
500	740	0.0552
500	750	0.0516
500	760	0.0463
500	770	0.0457
500	780	0.0431
500	790	0.0425
500	800	0.0367
510	610	0.0677
510	620	0.0751
510	630	0.059
510	640	0.107
510	650	0.134
510	660	0.102
510	670	0.0909
510	680	0.067
510	690	0.0714
510	700	0.0671
510	710	0.0853
510	720	0.0865
510	730	0.0795
510	740	0.0566
510	750	0.0456
510	760	0.0486
510	770	0.0423
510	780	0.0349
510	790	0.0367
510	800	0.0414
520	620	0.083
520	630	0.0786
520	640	0.0521
520	650	0.0903
520	660	0.119
520	670	0.114
520	680	0.096
520	690	0.0504
520	700	0.0623
520	710	0.0566
520	720	0.0701
520	730	0.0812
520	740	0.0715
520	750	0.0578
520	760	0.0506
520	770	0.0455
520	780	0.0359
520	790	0.0385
520	800	0.0395
530	630	0.0904
530	640	0.0813
530	650	0.0636
530	660	0.0885
530	670	0.138
530	680	0.142
530	690	0.105
530	700	0.0478
530	710	0.0529
530	720	0.0598
530	730	0.0714
530	740	0.0687
530	750	0.063
530	760	0.0581
530	770	0.0545
530	780	0.0539
530	790	0.0444
530	800	0.033
540	640	0.0975
540	650	0.0996
540	660	0.0646
540	670	0.0844
540	680	0.152
540	690	0.151
540	700	0.134
540	710	0.0758
540	720	0.0642
540	730	0.0569
540	740	0.0558
540	750	0.0582
540	760	0.0545
540	770	0.046
540	780	0.0463
540	790	0.0449
540	800	0.0377
550	650	0.106
550	660	0.103
550	670	0.0789
550	680	0.0886
550	690	0.141
550	700	0.127
550	710	0.113
550	720	0.0823
550	730	0.054
550	740	0.0366
550	750	0.046
550	760	0.0468
550	770	0.0392
550	780	0.0338
550	790	0.032
550	800	0.0409
560	660	0.0864
560	670	0.1
560	680	0.0895
560	690	0.0918
560	700	0.0968
560	710	0.114
560	720	0.124
560	730	0.087
560	740	0.0501
560	750	0.0351
560	760	0.0569
560	770	0.0536
560	780	0.0498
560	790	0.0539
560	800	0.058
570	670	0.0952
570	680	0.0973
570	690	0.079
570	700	0.0899
570	710	0.113
570	720	0.128
570	730	0.126
570	740	0.0956
570	750	0.0576
570	760	0.038
570	770	0.0606
570	780	0.0611
570	790	0.0513
570	800	0.0405
580	680	0.0828
580	690	0.0984
580	700	0.0746
580	710	0.109
580	720	0.138
580	730	0.136
580	740	0.131
580	750	0.0994
580	760	0.0496
580	770	0.0464
580	780	0.0565
580	790	0.0647
580	800	0.0602
590	690	0.0822
590	700	0.115
590	710	0.0697
590	720	0.0939
590	730	0.127
590	740	0.13
590	750	0.133
590	760	0.104
590	770	0.0566
590	780	0.0441
590	790	0.0442
590	800	0.0538
600	700	0.0711
600	710	0.0919
600	720	0.0565
600	730	0.0809
600	740	0.132
600	750	0.133
600	760	0.116
600	770	0.0757
600	780	0.0431
600	790	0.0416
600	800	0.0384
610	710	0.0513
610	720	0.0847
610	730	0.0693
610	740	0.0843
610	750	0.147
610	760	0.118
610	770	0.0801
610	780	0.0772
610	790	0.0483
610	800	0.0269
620	720	0.0659
620	730	0.0883
620	740	0.0632
620	750	0.0752
620	760	0.129
620	770	0.105
620	780	0.0909
620	790	0.0828
620	800	0.0438
630	730	0.0686
630	740	0.0905
630	750	0.0587
630	760	0.057
630	770	0.13
630	780	0.117
630	790	0.104
630	800	0.0849
640	740	0.0724
640	750	0.0783
640	760	0.0615
640	770	0.0665
640	780	0.107
640	790	0.0866
640	800	0.0787
650	750	0.0704
650	760	0.0688
650	770	0.0581
650	780	0.0672
650	790	0.103
650	800	0.0808
660	760	0.0557
660	770	0.0601
660	780	0.0666
660	790	0.0643
660	800	0.113
670	770	0.0504
670	780	0.0587
670	790	0.0453
670	800	0.0583
680	780	0.0443
680	790	0.0385
680	800	0.0329
690	790	0.0402
690	800	0.0356
700	800	0.0379