130 0.427
140 0.37
150 0.404
160 0.294
170 0.234
180 0.215
190 0.214
200 0.258
210 0.293
220 0.267
230 0.223
240 0.194
250 0.251
260 0.27
270 0.26
280 0.216
290 0.188
300 0.165
310 0.133
320 0.14
330 0.0818
340 0.0934
350 0.0727
360 0.0697
370 0.0998
380 0.0902
390 0.112
400 0.0948
410 0.113
420 0.112
430 0.118
440 0.0932
450 0.108
460 0.0807
470 0.0723
480 0.0636
490 0.0624
500 0.0579
510 0.0608
520 0.0555
530 0.0517
540 0.04
550 0.0466
560 0.0405
570 0.033
580 0.0332
590 0.0402
600 0.0292
610 0.0373
620 0.0397
630 0.0383
640 0.0414
650 0.0492
660 0.0325
670 0.0291
680 0.0256
690 0.0261
700 0.0284