20.0 4.6852
20.5 9.9514
21.0 7.7025
21.5 6.9612
22.0 18.007
22.5 19.279
23.0 7.8966
23.5 5.3052
24.0 6.5893
24.5 10.517
25.0 11.159
25.5 4.9249
26.0 5.0414
26.5 6.5351
27.0 7.5201
27.5 4.7181
28.0 7.7764
28.5 11.614
29.0 9.6179
29.5 10.29
30.0 9.3094
30.5 6.5603
31.0 8.3269
31.5 6.2136
32.0 5.9653
32.5 12.093
33.0 17.213
33.5 13.469
34.0 8.2465
34.5 6.9007
35.0 13.795
35.5 18.779
36.0 16.214
36.5 13.838
37.0 11.132
37.5 15.265
38.0 17.222
38.5 16.336
39.0 17.653
39.5 19.926
40.0 22.548
40.5 22.523
41.0 16.364
41.5 12.716
42.0 11.918
42.5 10.344
43.0 10.379
43.5 11.795
44.0 9.9043
44.5 7.7739
45.0 11.306
45.5 16.284
46.0 17.513
46.5 12.08
47.0 9.9229
47.5 12.795
48.0 20.933
48.5 30.3
49.0 33.225
49.5 30.678
50.0 23.565
50.5 14.824
51.0 15.563
51.5 18.629
52.0 18.901
52.5 15.764
53.0 12.493
53.5 11.448
54.0 11.459
54.5 10.934
55.0 9.8012
55.5 9.5353
56.0 9.821
56.5 12.642
57.0 12.978
57.5 11.985
58.0 9.8726
58.5 7.7963
59.0 7.3366
59.5 7.5563
60.0 7.7048
60.5 11.156
61.0 19.624
61.5 13.664
62.0 7.1145
62.5 4.9696