30.00 132.00 3078.29
37.34 132.00 2197.93
30.00 143.44 1627.52
37.34 143.44 1261.67
46.48 143.44 2251.43
30.00 157.77 683.69
37.34 157.77 728.72
46.48 157.77 649.48
57.85 157.77 534.70
30.00 173.52 269.95
37.34 173.52 416.01
46.48 173.52 299.33
57.85 173.52 352.50
72.01 173.52 136.16
30.00 190.85 247.60
37.34 190.85 221.94
46.48 190.85 198.42
57.85 190.85 127.28
71.28 190.85 259.12
86.78 190.85 131.34
100.00 200.00 160.58
50.00 200.00 156.62
104.53 209.90 146.38
30.00 209.90 126.39
37.34 209.90 124.45
46.48 209.90 165.26
57.71 209.90 104.81
71.15 209.90 125.38
86.79 209.90 189.85
102.72 230.77 142.45
123.89 230.77 77.49
30.00 230.77 49.94
37.10 230.77 135.92
45.88 230.77 91.84
56.73 230.77 138.60
69.78 230.77 77.37
85.09 230.77 102.09
100.00 250.00 82.28
50.00 250.00 89.10
102.99 261.40 156.40
124.53 261.40 59.93
150.50 261.40 80.28
37.10 261.40 46.67
45.88 261.40 76.99
56.73 261.40 102.54
69.66 261.40 114.09
85.10 261.40 117.30
120.82 296.10 127.42
145.93 296.10 67.64
176.02 296.10 97.68
30.00 296.10 70.95
36.79 296.10 40.94
45.12 296.10 34.02
55.33 296.10 60.82
67.65 296.10 60.39
82.40 296.10 83.31
99.90 296.10 103.37
100.00 300.00 97.14
200.00 300.00 94.92
50.00 300.00 43.42
120.39 335.40 58.33
145.06 335.40 55.90
174.55 335.40 103.71
209.73 335.40 95.99
30.00 335.40 71.56
36.79 335.40 28.48
45.12 335.40 43.51
55.33 335.40 83.03
67.54 335.40 69.45
82.14 335.40 49.24
99.61 335.40 65.88
118.81 379.00 34.21
143.08 379.00 32.62
171.71 379.00 35.15
205.76 379.00 45.42
246.30 379.00 90.86
30.00 379.00 160.15
36.63 379.00 36.72
44.72 379.00 28.83
54.59 379.00 68.93
66.57 379.00 70.16
80.99 379.00 31.73
98.26 379.00 25.26
113.53 442.63 32.05
135.44 442.63 42.27
161.81 442.63 55.81
193.26 442.63 42.73
230.49 442.63 44.17
274.57 442.63 61.01
30.00 442.63 234.24
327.94 442.63 89.22
36.64 442.63 71.12
44.76 442.63 22.53
54.67 442.63 41.13
66.49 442.63 46.73
80.03 442.63 26.09
95.27 442.63 24.82
100.00 500.00 16.20
200.00 500.00 31.99
300.00 500.00 46.95
400.00 500.00 74.77
50.00 500.00 37.88
109.30 516.94 20.86
128.58 516.94 33.85
151.69 516.94 38.58
179.35 516.94 35.37
212.14 516.94 36.34
250.63 516.94 34.51
296.65 516.94 43.48
30.00 516.94 423.42
352.61 516.94 50.97
36.47 516.94 133.37
423.96 516.94 82.04
44.34 516.94 33.00
53.90 516.94 35.67
65.52 516.94 33.77
78.52 516.94 22.69
93.12 516.94 22.17
116.29 609.21 26.75
135.66 609.21 38.12
158.41 609.21 38.00
185.18 609.21 44.19
216.52 609.21 36.35
253.68 609.21 36.76
298.01 609.21 34.00
30.00 609.21 587.31
34.86 609.21 338.54
351.22 609.21 23.56
40.51 609.21 131.09
417.76 609.21 34.30
47.08 609.21 59.98
505.93 609.21 56.74
54.71 609.21 41.14
63.58 609.21 32.31
85.86 609.21 18.57
99.78 609.21 17.23
50.00 650.00 71.89
116.19 717.96 25.23
157.56 717.96 31.57
183.48 717.96 40.12
213.73 717.96 35.12
249.34 717.96 20.40
291.34 717.96 21.49
30.00 717.96 779.12
341.02 717.96 14.14
34.86 717.96 424.96
400.03 717.96 12.67
40.51 717.96 159.28
475.80 717.96 23.39
47.08 717.96 95.26
54.71 717.96 59.19
577.65 717.96 18.67
63.58 717.96 33.04
73.89 717.96 20.52
85.86 717.96 19.87
99.78 717.96 23.11
100.00 800.00 20.82
200.00 800.00 27.51
400.00 800.00 8.96
50.00 800.00 95.59
700.00 800.00 27.00
101.43 846.11 17.90
118.11 846.11 19.56
137.54 846.11 20.75
160.17 846.11 27.01
186.51 846.11 30.30
217.19 846.11 15.35
252.91 846.11 12.27
294.51 846.11 11.40
30.00 846.11 874.58
345.53 846.11 11.20
34.93 846.11 585.13
405.40 846.11 8.18
40.68 846.11 332.54
475.64 846.11 6.90
47.37 846.11 177.42
558.06 846.11 10.08
55.16 846.11 49.64
64.24 846.11 34.89
654.75 846.11 14.11
74.80 846.11 31.78
87.10 846.11 24.91
101.43 997.14 18.57
118.11 997.14 19.27
137.54 997.14 23.75
160.17 997.14 30.88
186.51 997.14 27.18
217.19 997.14 16.60
254.82 997.14 8.67
298.97 997.14 10.79
30.00 997.14 1843.18
34.93 997.14 962.51
350.77 997.14 10.61
40.68 997.14 470.64
411.54 997.14 15.57
47.37 997.14 205.92
482.85 997.14 11.27
55.16 997.14 95.36
566.51 997.14 5.28
64.24 997.14 90.30
664.66 997.14 5.67
74.80 997.14 59.26
779.83 997.14 11.48
87.10 997.14 31.21
200.00 1000.00 21.35
500.00 1000.00 8.20
50.00 1000.00 147.48