       220.0          0.8773     
       221.0          0.8401     
       222.0          0.8030     
       223.0          0.7658     
       224.0          0.7287     
       225.0          0.6915     
       226.0          0.6544     
       227.0          0.6172     
       228.0          0.5800     
       229.0          0.5429     
       230.0          0.5057     
       231.0          0.4686     
       232.0          0.4314     
       233.0          0.3943     
       234.0          0.3998     
       235.0          0.4053     
       236.0          0.4109     
       237.0          0.4164     
       238.0          0.4219     
       239.0          0.4828     
       240.0          0.5436     
       241.0          0.6045     
       242.0          0.6653     
       243.0          0.7262     
       244.0          0.7473     
       245.0          0.7684     
       246.0          0.7895     
       247.0          0.8106     
       248.0          0.8318     
       249.0          0.7972     
       250.0          0.7627     
       251.0          0.7282     
       252.0          0.6936     
       253.0          0.6591     
       254.0          0.6694     
       255.0          0.6797     
       256.0          0.6900     
       257.0          0.7004     
       258.0          0.7107     
       259.0          0.7210     
       260.0          0.7313     
       261.0          0.7416     
       262.0          0.7519     
       263.0          0.7623     
       264.0          0.7568     
       265.0          0.7514     
       266.0          0.7460     
       267.0          0.7406     
       268.0          0.7351     
       269.0          0.7297     
       270.0          0.7097     
       271.0          0.6896     
       272.0          0.6696     
       273.0          0.6496     
       274.0          0.6670     
       275.0          0.6845     
       276.0          0.7019     
       277.0          0.7194     
       278.0          0.7368     
       279.0          0.7392     
       280.0          0.7416     
       281.0          0.7440     
       282.0          0.7464     
       283.0          0.7488     
       284.0          0.7512     
       285.0          0.7328     
       286.0          0.7144     
       287.0          0.6959     
       288.0          0.6775     
       289.0          0.6591     
       290.0          0.6277     
       291.0          0.5964     
       292.0          0.5651     
       293.0          0.5337     
       294.0          0.5024     
       295.0          0.4645     
       296.0          0.4267     
       297.0          0.3888     
       298.0          0.3510     
       299.0          0.3406     
       300.0          0.3302     
       301.0          0.3198     
       302.0          0.3095     
       303.0          0.2991     
       304.0          0.2909     
       305.0          0.2827     
       306.0          0.2745     
       307.0          0.2663     
       308.0          0.2582     
       309.0          0.2500     
       310.0          0.2434     
       311.0          0.2368     
       312.0          0.2302     
       313.0          0.2236     
       314.0          0.2270     
       315.0          0.2303     
       316.0          0.2337     
       317.0          0.2371     
       318.0          0.2405     
       319.0          0.2508     
       320.0          0.2610     
       321.0          0.2713     
       322.0          0.2816     
       323.0          0.2919     
       324.0          0.3109     
       325.0          0.3298     
       326.0          0.3488     
       327.0          0.3677     
       328.0          0.3867     
       329.0          0.3929     
       330.0          0.3992     
       331.0          0.4054     
       332.0          0.4116     
       333.0          0.4179     
       334.0          0.4109     
       335.0          0.4039     
       336.0          0.3969     
       337.0          0.3899     
       338.0          0.3830     
       339.0          0.3684     
       340.0          0.3538     
       341.0          0.3392     
       342.0          0.3246     
       343.0          0.3100     
       344.0          0.2954     
       345.0          0.2808     
       346.0          0.2582     
       347.0          0.2356     
       348.0          0.2130     
       349.0          0.2084     
       350.0          0.2038     
       351.0          0.1992     
       352.0          0.1946     
       353.0          0.1900     
       354.0          0.1854     
       355.0          0.1808     
       356.0          0.1762     
       357.0          0.1716     
       358.0          0.1670     
       359.0          0.1624     
       360.0          0.1671     
       361.0          0.1719     
       362.0          0.1766     
       363.0          0.1813     
       364.0          0.1861     
       365.0          0.1908     
       366.0          0.1955     
       367.0          0.2003     
       368.0          0.2050     
       369.0          0.2098     
       370.0          0.2145     
       371.0          0.2192     
       372.0          0.2240     
       373.0          0.2287     
       374.0          0.2334     
       375.0          0.2382     
       376.0          0.2429     
       377.0          0.2477     
       378.0          0.2524     
       379.0          0.2514     
       380.0          0.2504     
       381.0          0.2495     
       382.0          0.2485     
       383.0          0.2475     
       384.0          0.2465     
       385.0          0.2455     
       386.0          0.2446     
       387.0          0.2436     
       388.0          0.2426     
       389.0          0.2416     
       390.0          0.2384     
       391.0          0.2351     
       392.0          0.2319     
       393.0          0.2286     
       394.0          0.2254     
       395.0          0.2221     
       396.0          0.2189     
       397.0          0.2157     
       398.0          0.2124     
       399.0          0.2092     
       400.0          0.2059     
       401.0          0.2014     
       402.0          0.1969     
       403.0          0.1925     
       404.0          0.1880     
       405.0          0.1835     
       406.0          0.1790     
       407.0          0.1745     
       408.0          0.1700     
       409.0          0.1656     
       410.0          0.1612     
       411.0          0.1568     
       412.0          0.1524     
       413.0          0.1481     
       414.0          0.1437     
       415.0          0.1393     
       416.0          0.1349     
       417.0          0.1306     
       418.0          0.1269     
       419.0          0.1232     
       420.0          0.1195     
       421.0          0.1158     
       422.0          0.1121     
       423.0          0.1084     
       424.0          0.1047     
       425.0          0.1010     
       426.0          0.9728E-01 
       427.0          0.9358E-01 
       428.0          0.8988E-01 
       429.0          0.8867E-01 
       430.0          0.8747E-01 
       431.0          0.8626E-01 
       432.0          0.8505E-01 
       433.0          0.8384E-01 
       434.0          0.8263E-01 
       435.0          0.8143E-01 
       436.0          0.8022E-01 
       437.0          0.7901E-01 
       438.0          0.7780E-01 
       439.0          0.7659E-01 
       440.0          0.7622E-01 
       441.0          0.7585E-01 
       442.0          0.7548E-01 
       443.0          0.7511E-01 
       444.0          0.7474E-01 
       445.0          0.7437E-01 
       446.0          0.7400E-01 
       447.0          0.7363E-01 
       448.0          0.7326E-01 
       449.0          0.7289E-01 
       450.0          0.7252E-01 
       451.0          0.7215E-01 
       452.0          0.7178E-01 
       453.0          0.7141E-01 
       454.0          0.7103E-01 
       455.0          0.7066E-01 
       456.0          0.7029E-01 
       457.0          0.6992E-01 
       458.0          0.6955E-01 
       459.0          0.6918E-01 
       460.0          0.6927E-01 
       461.0          0.6937E-01 
       462.0          0.6946E-01 
       463.0          0.6955E-01 
       464.0          0.6964E-01 
       465.0          0.6973E-01 
       466.0          0.6983E-01 
       467.0          0.6992E-01 
       468.0          0.7001E-01 
       469.0          0.7010E-01 
       470.0          0.7019E-01 
       471.0          0.7094E-01 
       472.0          0.7169E-01 
       473.0          0.7244E-01 
       474.0          0.7318E-01 
       475.0          0.7393E-01 
       476.0          0.7468E-01 
       477.0          0.7543E-01 
       478.0          0.7617E-01 
       479.0          0.7692E-01 
       480.0          0.7767E-01 
       481.0          0.7841E-01 
       482.0          0.7916E-01 
       483.0          0.7991E-01 
       484.0          0.8066E-01 
       485.0          0.8140E-01 
       486.0          0.8215E-01 
       487.0          0.8290E-01 
       488.0          0.8365E-01 
       489.0          0.8439E-01 
       490.0          0.8336E-01 
       491.0          0.8232E-01 
       492.0          0.8129E-01 
       493.0          0.8025E-01 
       494.0          0.7922E-01 
       495.0          0.7818E-01 
       496.0          0.7715E-01 
       497.0          0.7611E-01 
       498.0          0.7507E-01 
       499.0          0.7404E-01 
       500.0          0.7429E-01 
       501.0          0.7455E-01 
       502.0          0.7480E-01 
       503.0          0.7506E-01 
       504.0          0.7531E-01 
       505.0          0.7557E-01 
       506.0          0.7582E-01 
       507.0          0.7607E-01 
       508.0          0.7633E-01 
       509.0          0.7658E-01 
       510.0          0.7684E-01 
       511.0          0.7709E-01 
       512.0          0.7735E-01 
       513.0          0.7760E-01 
       514.0          0.7785E-01 
       515.0          0.7811E-01 
       516.0          0.7836E-01 
       517.0          0.7862E-01 
       518.0          0.7887E-01 
       519.0          0.7913E-01 
       520.0          0.7938E-01 
       521.0          0.7964E-01 
       522.0          0.7989E-01 
       523.0          0.8014E-01 
       524.0          0.8040E-01 
       525.0          0.7890E-01 
       526.0          0.7739E-01 
       527.0          0.7589E-01 
       528.0          0.7439E-01 
       529.0          0.7288E-01 
       530.0          0.7138E-01 
       531.0          0.6987E-01 
       532.0          0.6837E-01 
       533.0          0.6687E-01 
       534.0          0.6536E-01 
       535.0          0.6386E-01 
       536.0          0.6236E-01 
       537.0          0.6085E-01 
       538.0          0.5935E-01 
       539.0          0.5785E-01 
       540.0          0.5634E-01 
       541.0          0.5484E-01 
       542.0          0.5334E-01 
       543.0          0.5183E-01 
       544.0          0.5033E-01 
       545.0          0.4883E-01 
       546.0          0.4732E-01 
       547.0          0.4582E-01 
       548.0          0.4432E-01 
       549.0          0.4281E-01 
       550.0          0.4245E-01 
       551.0          0.4209E-01 
       552.0          0.4173E-01 
       553.0          0.4136E-01 
       554.0          0.4100E-01 
       555.0          0.4064E-01 
       556.0          0.4028E-01 
       557.0          0.3992E-01 
       558.0          0.3955E-01 
       559.0          0.3919E-01 
       560.0          0.3883E-01 
       561.0          0.3847E-01 
       562.0          0.3811E-01 
       563.0          0.3774E-01 
       564.0          0.3738E-01 
       565.0          0.3702E-01 
       566.0          0.3666E-01 
       567.0          0.3629E-01 
       568.0          0.3593E-01 
       569.0          0.3557E-01 
       570.0          0.3521E-01 
       571.0          0.3485E-01 
       572.0          0.3448E-01 
       573.0          0.3412E-01 
       574.0          0.3376E-01 
       575.0          0.3379E-01 
       576.0          0.3381E-01 
       577.0          0.3384E-01 
       578.0          0.3387E-01 
       579.0          0.3389E-01 
       580.0          0.3392E-01 
       581.0          0.3395E-01 
       582.0          0.3397E-01 
       583.0          0.3400E-01 
       584.0          0.3402E-01 
       585.0          0.3405E-01 
       586.0          0.3408E-01 
       587.0          0.3410E-01 
       588.0          0.3413E-01 
       589.0          0.3416E-01 
       590.0          0.3418E-01 
       591.0          0.3421E-01 
       592.0          0.3424E-01 
       593.0          0.3426E-01 
       594.0          0.3429E-01 
       595.0          0.3432E-01 
       596.0          0.3434E-01 
       597.0          0.3437E-01 
       598.0          0.3439E-01 
       599.0          0.3442E-01 
       600.0          0.3428E-01 
       601.0          0.3414E-01 
       602.0          0.3400E-01 
       603.0          0.3386E-01 
       604.0          0.3372E-01 
       605.0          0.3359E-01 
       606.0          0.3345E-01 
       607.0          0.3331E-01 
       608.0          0.3317E-01 
       609.0          0.3303E-01 
       610.0          0.3289E-01 
       611.0          0.3275E-01 
       612.0          0.3261E-01 
       613.0          0.3247E-01 
       614.0          0.3233E-01 
       615.0          0.3219E-01 
       616.0          0.3205E-01 
       617.0          0.3191E-01 
       618.0          0.3177E-01 
       619.0          0.3164E-01 
       620.0          0.3150E-01 
       621.0          0.3136E-01 
       622.0          0.3122E-01 
       623.0          0.3108E-01 
       624.0          0.3094E-01 
       625.0          0.3092E-01 
       626.0          0.3090E-01 
       627.0          0.3089E-01 
       628.0          0.3087E-01 
       629.0          0.3085E-01 
       630.0          0.3083E-01 
       631.0          0.3081E-01 
       632.0          0.3080E-01 
       633.0          0.3078E-01 
       634.0          0.3076E-01 
       635.0          0.3074E-01 
       636.0          0.3072E-01 
       637.0          0.3071E-01 
       638.0          0.3069E-01 
       639.0          0.3067E-01 
       640.0          0.3065E-01 
       641.0          0.3064E-01 
       642.0          0.3062E-01 
       643.0          0.3060E-01 
       644.0          0.3058E-01 
       645.0          0.3056E-01 
       646.0          0.3055E-01 
       647.0          0.3053E-01 
       648.0          0.3051E-01 
       649.0          0.3049E-01 
       650.0          0.3053E-01 
       651.0          0.3057E-01 
       652.0          0.3061E-01 
       653.0          0.3065E-01 
       654.0          0.3070E-01 
       655.0          0.3074E-01 
       656.0          0.3078E-01 
       657.0          0.3082E-01 
       658.0          0.3086E-01 
       659.0          0.3090E-01 
       660.0          0.3094E-01 
       661.0          0.3098E-01 
       662.0          0.3102E-01 
       663.0          0.3106E-01 
       664.0          0.3110E-01 
       665.0          0.3114E-01 
       666.0          0.3118E-01 
       667.0          0.3122E-01 
       668.0          0.3126E-01 
       669.0          0.3130E-01 
       670.0          0.3134E-01 
       671.0          0.3138E-01 
       672.0          0.3142E-01 
       673.0          0.3146E-01 
       674.0          0.3150E-01 
       675.0          0.3155E-01 
       676.0          0.3190E-01 
       677.0          0.3225E-01 
       678.0          0.3260E-01 
       679.0          0.3295E-01 
       680.0          0.3331E-01 
       681.0          0.3366E-01 
       682.0          0.3401E-01 
       683.0          0.3436E-01 
       684.0          0.3472E-01 
       685.0          0.3507E-01 
       686.0          0.3542E-01 
       687.0          0.3577E-01 
       688.0          0.3613E-01 
       689.0          0.3648E-01 
       690.0          0.3683E-01 
       691.0          0.3718E-01 
       692.0          0.3754E-01 
       693.0          0.3789E-01 
       694.0          0.3824E-01 
       695.0          0.3859E-01 
       696.0          0.3895E-01 
       697.0          0.3930E-01 
       698.0          0.3965E-01 
       699.0          0.4000E-01 
       700.0          0.4007E-01 
       701.0          0.4014E-01 
       702.0          0.4021E-01 
       703.0          0.4028E-01 
       704.0          0.4035E-01 
       705.0          0.4041E-01 
       706.0          0.4048E-01 
       707.0          0.4055E-01 
       708.0          0.4062E-01 
       709.0          0.4069E-01 
       710.0          0.4076E-01 
       711.0          0.4083E-01 
       712.0          0.4089E-01 
       713.0          0.4096E-01 
       714.0          0.4103E-01 
       715.0          0.4110E-01 
       716.0          0.4117E-01 
       717.0          0.4124E-01 
       718.0          0.4131E-01 
       719.0          0.4138E-01 
       720.0          0.4144E-01 
       721.0          0.4151E-01 
       722.0          0.4158E-01 
       723.0          0.4165E-01 
       724.0          0.4172E-01 
       725.0          0.4179E-01 
       726.0          0.4166E-01 
       727.0          0.4154E-01 
       728.0          0.4141E-01 
       729.0          0.4129E-01 
       730.0          0.4116E-01 
       731.0          0.4104E-01 
       732.0          0.4091E-01 
       733.0          0.4079E-01 
       734.0          0.4066E-01 
       735.0          0.4054E-01 
       736.0          0.4041E-01 
       737.0          0.4029E-01 
       738.0          0.4017E-01 
       739.0          0.4004E-01 
       740.0          0.3992E-01 
       741.0          0.3979E-01 
       742.0          0.3967E-01 
       743.0          0.3954E-01 
       744.0          0.3942E-01 
       745.0          0.3929E-01 
       746.0          0.3917E-01 
       747.0          0.3904E-01 
       748.0          0.3892E-01 
       749.0          0.3879E-01 
       750.0          0.3867E-01 
       751.0          0.3830E-01 
       752.0          0.3792E-01 
       753.0          0.3755E-01 
       754.0          0.3718E-01 
       755.0          0.3681E-01 
       756.0          0.3643E-01 
       757.0          0.3606E-01 
       758.0          0.3569E-01 
       759.0          0.3532E-01 
       760.0          0.3495E-01 
       761.0          0.3457E-01 
       762.0          0.3420E-01 
       763.0          0.3383E-01 
       764.0          0.3346E-01 
       765.0          0.3309E-01 
       766.0          0.3271E-01 
       767.0          0.3234E-01 
       768.0          0.3197E-01 
       769.0          0.3160E-01 
       770.0          0.3122E-01 
       771.0          0.3085E-01 
       772.0          0.3048E-01 
       773.0          0.3011E-01 
       774.0          0.2974E-01 
       775.0          0.2936E-01 
       776.0          0.2899E-01 
       777.0          0.2862E-01 
       778.0          0.2825E-01 
       779.0          0.2787E-01 
       780.0          0.2750E-01 
       781.0          0.2713E-01 
       782.0          0.2676E-01 
       783.0          0.2639E-01 
       784.0          0.2601E-01 
       785.0          0.2564E-01 
       786.0          0.2527E-01 
       787.0          0.2490E-01 
       788.0          0.2452E-01 
       789.0          0.2415E-01 
       790.0          0.2378E-01 
       791.0          0.2341E-01 
       792.0          0.2304E-01 
       793.0          0.2266E-01 
       794.0          0.2229E-01 
       795.0          0.2192E-01 
       796.0          0.2155E-01 
       797.0          0.2117E-01 
       798.0          0.2080E-01 
       799.0          0.2043E-01 
       800.0          0.2006E-01 
       801.0          0.1969E-01 
       802.0          0.1931E-01 
       803.0          0.1894E-01 
       804.0          0.1857E-01 
       805.0          0.1820E-01 
       806.0          0.1782E-01 
       807.0          0.1745E-01 
       808.0          0.1708E-01 
       809.0          0.1671E-01 
       810.0          0.1634E-01 
       811.0          0.1596E-01 
       812.0          0.1559E-01 
       813.0          0.1522E-01 
       814.0          0.1485E-01 
       815.0          0.1447E-01 
       816.0          0.1410E-01 
       817.0          0.1373E-01 
       818.0          0.1336E-01 
       819.0          0.1299E-01 
       820.0          0.1261E-01 
       821.0          0.1224E-01 
       822.0          0.1187E-01 
       823.0          0.1150E-01 
       824.0          0.1112E-01 
       825.0          0.1107E-01 
       826.0          0.1102E-01 
       827.0          0.1097E-01 
       828.0          0.1091E-01 
       829.0          0.1086E-01 
       830.0          0.1081E-01 
       831.0          0.1076E-01 
       832.0          0.1070E-01 
       833.0          0.1065E-01 
       834.0          0.1060E-01 
       835.0          0.1055E-01 
       836.0          0.1049E-01 
       837.0          0.1044E-01 
       838.0          0.1039E-01 
       839.0          0.1033E-01 
       840.0          0.1028E-01 
       841.0          0.1023E-01 
       842.0          0.1018E-01 
       843.0          0.1012E-01 
       844.0          0.1007E-01 
       845.0          0.1002E-01 
       846.0          0.9966E-02 
       847.0          0.9913E-02 
       848.0          0.9860E-02 
       849.0          0.9808E-02 
       850.0          0.9865E-02 
       851.0          0.9922E-02 
       852.0          0.9979E-02 
       853.0          0.1004E-01 
       854.0          0.1009E-01 
       855.0          0.1015E-01 
       856.0          0.1021E-01 
       857.0          0.1027E-01 
       858.0          0.1032E-01 
       859.0          0.1038E-01 
       860.0          0.1044E-01 
       861.0          0.1049E-01 
       862.0          0.1055E-01 
       863.0          0.1061E-01 
       864.0          0.1067E-01 
       865.0          0.1072E-01 
       866.0          0.1078E-01 
       867.0          0.1084E-01 
       868.0          0.1089E-01 
       869.0          0.1095E-01 
       870.0          0.1101E-01 
       871.0          0.1107E-01 
       872.0          0.1112E-01 
       873.0          0.1118E-01 
       874.0          0.1124E-01 
       875.0          0.1129E-01 
       876.0          0.1135E-01 
       877.0          0.1141E-01 
       878.0          0.1147E-01 
       879.0          0.1152E-01 
       880.0          0.1158E-01 
       881.0          0.1164E-01 
       882.0          0.1170E-01 
       883.0          0.1175E-01 
       884.0          0.1181E-01 
       885.0          0.1187E-01 
       886.0          0.1192E-01 
       887.0          0.1198E-01 
       888.0          0.1204E-01 
       889.0          0.1210E-01 
       890.0          0.1215E-01 
       891.0          0.1221E-01 
       892.0          0.1227E-01 
       893.0          0.1232E-01 
       894.0          0.1238E-01 
       895.0          0.1244E-01 
       896.0          0.1250E-01 
       897.0          0.1255E-01 
       898.0          0.1261E-01 
       899.0          0.1267E-01 
       900.0          0.1272E-01 
       901.0          0.1278E-01 
       902.0          0.1284E-01 
       903.0          0.1290E-01 
       904.0          0.1295E-01 
       905.0          0.1301E-01 
       906.0          0.1307E-01 
       907.0          0.1313E-01 
       908.0          0.1318E-01 
       909.0          0.1324E-01 
       910.0          0.1330E-01 
       911.0          0.1335E-01 
       912.0          0.1341E-01 
       913.0          0.1347E-01 
       914.0          0.1353E-01 
       915.0          0.1358E-01 
       916.0          0.1364E-01 
       917.0          0.1370E-01 
       918.0          0.1375E-01 
       919.0          0.1381E-01 
       920.0          0.1387E-01 
       921.0          0.1393E-01 
       922.0          0.1398E-01 
       923.0          0.1404E-01 
       924.0          0.1410E-01 
       925.0          0.1416E-01 
       926.0          0.1421E-01 
       927.0          0.1427E-01 
       928.0          0.1433E-01 
       929.0          0.1438E-01 
       930.0          0.1447E-01 
       931.0          0.1455E-01 
       932.0          0.1463E-01 
       933.0          0.1471E-01 
       934.0          0.1479E-01 
       935.0          0.1488E-01 
       936.0          0.1496E-01 
       937.0          0.1504E-01 
       938.0          0.1512E-01 
       939.0          0.1520E-01 
       940.0          0.1529E-01 
       941.0          0.1537E-01 
       942.0          0.1545E-01 
       943.0          0.1553E-01 
       944.0          0.1561E-01 
       945.0          0.1569E-01 
       946.0          0.1578E-01 
       947.0          0.1586E-01 
       948.0          0.1594E-01 
       949.0          0.1602E-01 
       950.0          0.1610E-01 
       951.0          0.1619E-01 
       952.0          0.1627E-01 
       953.0          0.1635E-01 
       954.0          0.1643E-01 
       955.0          0.1651E-01 
       956.0          0.1660E-01 
       957.0          0.1668E-01 
       958.0          0.1676E-01 
       959.0          0.1684E-01 
       960.0          0.1692E-01 
       961.0          0.1701E-01 
       962.0          0.1709E-01 
       963.0          0.1717E-01 
       964.0          0.1725E-01 
       965.0          0.1733E-01 
       966.0          0.1741E-01 
       967.0          0.1750E-01 
       968.0          0.1758E-01 
       969.0          0.1766E-01 
       970.0          0.1774E-01 
       971.0          0.1782E-01 
       972.0          0.1791E-01 
       973.0          0.1799E-01 
       974.0          0.1807E-01 
       975.0          0.1815E-01 
       976.0          0.1820E-01 
       977.0          0.1824E-01 
       978.0          0.1828E-01 
       979.0          0.1833E-01 
       980.0          0.1837E-01 
       981.0          0.1841E-01 
       982.0          0.1846E-01 
       983.0          0.1850E-01 
       984.0          0.1854E-01 
       985.0          0.1859E-01 
       986.0          0.1863E-01 
       987.0          0.1867E-01 
       988.0          0.1872E-01 
       989.0          0.1876E-01 
       990.0          0.1880E-01 
       991.0          0.1885E-01 
       992.0          0.1889E-01 
       993.0          0.1894E-01 
       994.0          0.1898E-01 
       995.0          0.1902E-01 
       996.0          0.1907E-01 
       997.0          0.1911E-01 
       998.0          0.1915E-01 
       999.0          0.1920E-01 
       1000.          0.1924E-01 
