130 0.687
140 0.57
150 0.686
160 0.453
170 0.299
180 0.212
190 0.26
200 0.21
210 0.219
220 0.208
230 0.126
240 0.14
250 0.202
260 0.317
270 0.295
280 0.277
290 0.259
300 0.255
310 0.265
320 0.308
330 0.254
340 0.248
350 0.176
360 0.239
370 0.183
380 0.191
390 0.178
400 0.149
410 0.134
420 0.155
430 0.157
440 0.114
450 0.106
460 0.0797
470 0.0692
480 0.0597
490 0.0546
500 0.0662
510 0.0677
520 0.083
530 0.0904
540 0.0975
550 0.106
560 0.0864
570 0.0952
580 0.0828
590 0.0822
600 0.0711
610 0.0513
620 0.0659
630 0.0686
640 0.0724
650 0.0704
660 0.0557
670 0.0504
680 0.0443
690 0.0402
700 0.0379