 130 130  10000
 130 140  10000
 130 150  10000
 130 160  10000
 130 170  10000
 130 180  10000
 130 190  10000
 130 200  10000
 130 210  10000
 130 220  10000
 130 230  0.687
 130 240  0.826
 130 250  0.563
 130 260  0.348
 130 270   0.55
 130 280  0.252
 130 290   0.23
 130 300  0.165
 130 310  0.168
 130 320  0.205
 130 330  0.267
 130 340  0.207
 130 350  0.159
 130 360  0.203
 130 370  0.214
 130 380  0.251
 130 390  0.205
 130 400  0.138
 130 410  0.168
 130 420  0.183
 130 430  0.247
 130 440  0.187
 130 450  0.164
 130 460  0.136
 130 470  0.101
 130 480 0.0967
 130 490  0.121
 130 500  0.154
 130 510  0.158
 130 520  0.133
 130 530  0.104
 130 540 0.0784
 130 550 0.0646
 130 560 0.0606
 130 570 0.0543
 130 580 0.0483
 130 590 0.0465
 130 600 0.0478
 130 610 0.0422
 130 620 0.0335
 130 630  0.028
 130 640 0.0276
 130 650 0.0284
 130 660 0.0323
 130 670 0.0427
 130 680 0.0511
 130 690 0.0545
 130 700 0.0533
 130 710 0.0459
 130 720 0.0361
 130 730 0.0276
 130 740 0.0245
 130 750 0.0244
 130 760 0.0244
 130 770 0.0228
 130 780 0.0221
 130 790 0.0237
 130 800 0.0257
 140 130  10000
 140 140  10000
 140 150  10000
 140 160  10000
 140 170  10000
 140 180  10000
 140 190  10000
 140 200  10000
 140 210  10000
 140 220  10000
 140 230  10000
 140 240   0.57
 140 250  0.498
 140 260  0.531
 140 270  0.334
 140 280  0.433
 140 290  0.222
 140 300  0.178
 140 310  0.159
 140 320  0.163
 140 330  0.199
 140 340  0.226
 140 350  0.179
 140 360  0.122
 140 370  0.141
 140 380  0.184
 140 390  0.213
 140 400  0.204
 140 410  0.173
 140 420  0.132
 140 430  0.167
 140 440  0.203
 140 450   0.18
 140 460  0.131
 140 470  0.114
 140 480 0.0879
 140 490 0.0731
 140 500 0.0778
 140 510 0.0931
 140 520  0.123
 140 530  0.154
 140 540  0.116
 140 550 0.0952
 140 560 0.0896
 140 570  0.077
 140 580 0.0774
 140 590 0.0641
 140 600  0.044
 140 610 0.0351
 140 620   0.03
 140 630 0.0271
 140 640 0.0262
 140 650 0.0255
 140 660 0.0243
 140 670 0.0255
 140 680 0.0241
 140 690 0.0264
 140 700 0.0343
 140 710 0.0418
 140 720 0.0444
 140 730 0.0396
 140 740 0.0283
 140 750 0.0202
 140 760 0.0184
 140 770 0.0188
 140 780 0.0185
 140 790 0.0164
 140 800 0.0139
 150 130  10000
 150 140  10000
 150 150  10000
 150 160  10000
 150 170  10000
 150 180  10000
 150 190  10000
 150 200  10000
 150 210  10000
 150 220  10000
 150 230  10000
 150 240  10000
 150 250  0.686
 150 260  0.335
 150 270  0.417
 150 280   0.28
 150 290  0.393
 150 300  0.334
 150 310  0.175
 150 320  0.182
 150 330  0.173
 150 340  0.212
 150 350   0.18
 150 360  0.164
 150 370  0.141
 150 380   0.13
 150 390  0.137
 150 400  0.142
 150 410  0.133
 150 420  0.131
 150 430  0.132
 150 440  0.162
 150 450  0.226
 150 460  0.233
 150 470  0.201
 150 480  0.168
 150 490  0.122
 150 500 0.0998
 150 510 0.0819
 150 520 0.0718
 150 530 0.0794
 150 540 0.0929
 150 550 0.0973
 150 560 0.0845
 150 570 0.0689
 150 580 0.0628
 150 590  0.069
 150 600 0.0673
 150 610 0.0573
 150 620 0.0406
 150 630 0.0319
 150 640 0.0293
 150 650 0.0292
 150 660 0.0269
 150 670 0.0235
 150 680 0.0223
 150 690 0.0231
 150 700 0.0212
 150 710 0.0203
 150 720 0.0234
 150 730 0.0278
 150 740 0.0322
 150 750 0.0335
 150 760 0.0306
 150 770 0.0237
 150 780 0.0189
 150 790  0.017
 150 800 0.0159
 160 130  10000
 160 140  10000
 160 150  10000
 160 160  10000
 160 170  10000
 160 180  10000
 160 190  10000
 160 200  10000
 160 210  10000
 160 220  10000
 160 230  10000
 160 240  10000
 160 250  10000
 160 260  0.453
 160 270  0.376
 160 280  0.335
 160 290   0.33
 160 300   0.37
 160 310  0.352
 160 320  0.146
 160 330  0.123
 160 340  0.122
 160 350   0.15
 160 360  0.132
 160 370  0.107
 160 380  0.127
 160 390 0.0949
 160 400  0.105
 160 410  0.142
 160 420   0.12
 160 430  0.107
 160 440  0.106
 160 450  0.102
 160 460  0.134
 160 470  0.173
 160 480  0.178
 160 490  0.133
 160 500  0.111
 160 510 0.0948
 160 520 0.0728
 160 530  0.062
 160 540 0.0587
 160 550 0.0684
 160 560 0.0919
 160 570  0.106
 160 580 0.0894
 160 590 0.0787
 160 600 0.0555
 160 610 0.0524
 160 620 0.0557
 160 630 0.0487
 160 640 0.0415
 160 650 0.0442
 160 660 0.0441
 160 670 0.0454
 160 680 0.0411
 160 690 0.0371
 160 700 0.0317
 160 710 0.0282
 160 720 0.0253
 160 730  0.025
 160 740 0.0265
 160 750 0.0289
 160 760 0.0303
 160 770 0.0301
 160 780 0.0286
 160 790  0.024
 160 800  0.019
 170 130  10000
 170 140  10000
 170 150  10000
 170 160  10000
 170 170  10000
 170 180  10000
 170 190  10000
 170 200  10000
 170 210  10000
 170 220  10000
 170 230  10000
 170 240  10000
 170 250  10000
 170 260  10000
 170 270  0.299
 170 280  0.304
 170 290  0.618
 170 300  0.378
 170 310  0.412
 170 320  0.359
 170 330  0.147
 170 340  0.117
 170 350  0.124
 170 360  0.141
 170 370  0.161
 170 380  0.112
 170 390  0.117
 170 400 0.0931
 170 410 0.0868
 170 420  0.109
 170 430  0.114
 170 440 0.0811
 170 450 0.0892
 170 460  0.102
 170 470  0.119
 170 480  0.152
 170 490  0.179
 170 500  0.153
 170 510  0.129
 170 520  0.108
 170 530 0.0835
 170 540 0.0634
 170 550 0.0564
 170 560 0.0515
 170 570 0.0599
 170 580 0.0858
 170 590 0.0998
 170 600    0.1
 170 610 0.0919
 170 620 0.0685
 170 630 0.0638
 170 640 0.0682
 170 650 0.0537
 170 660 0.0483
 170 670 0.0502
 170 680 0.0549
 170 690 0.0536
 170 700 0.0434
 170 710  0.031
 170 720 0.0224
 170 730 0.0192
 170 740 0.0181
 170 750 0.0209
 170 760 0.0263
 170 770 0.0306
 170 780 0.0328
 170 790 0.0338
 170 800 0.0338
 180 130  10000
 180 140  10000
 180 150  10000
 180 160  10000
 180 170  10000
 180 180  10000
 180 190  10000
 180 200  10000
 180 210  10000
 180 220  10000
 180 230  10000
 180 240  10000
 180 250  10000
 180 260  10000
 180 270  10000
 180 280  0.212
 180 290  0.373
 180 300  0.625
 180 310   0.28
 180 320  0.277
 180 330  0.292
 180 340  0.155
 180 350  0.117
 180 360  0.112
 180 370  0.168
 180 380  0.211
 180 390  0.127
 180 400   0.15
 180 410   0.13
 180 420  0.119
 180 430  0.115
 180 440   0.12
 180 450 0.0976
 180 460 0.0884
 180 470 0.0862
 180 480 0.0841
 180 490  0.104
 180 500  0.146
 180 510  0.149
 180 520  0.122
 180 530  0.104
 180 540 0.0741
 180 550 0.0523
 180 560 0.0373
 180 570 0.0302
 180 580  0.028
 180 590 0.0346
 180 600 0.0488
 180 610 0.0543
 180 620 0.0543
 180 630 0.0446
 180 640 0.0386
 180 650 0.0462
 180 660 0.0518
 180 670  0.049
 180 680  0.045
 180 690 0.0435
 180 700 0.0457
 180 710 0.0465
 180 720 0.0394
 180 730 0.0315
 180 740  0.028
 180 750 0.0249
 180 760 0.0219
 180 770 0.0222
 180 780 0.0256
 180 790  0.031
 180 800 0.0358
 190 130  10000
 190 140  10000
 190 150  10000
 190 160  10000
 190 170  10000
 190 180  10000
 190 190  10000
 190 200  10000
 190 210  10000
 190 220  10000
 190 230  10000
 190 240  10000
 190 250  10000
 190 260  10000
 190 270  10000
 190 280  10000
 190 290   0.26
 190 300  0.334
 190 310  0.448
 190 320  0.262
 190 330  0.255
 190 340  0.259
 190 350  0.156
 190 360  0.105
 190 370 0.0959
 190 380  0.141
 190 390  0.231
 190 400  0.154
 190 410  0.174
 190 420  0.153
 190 430   0.12
 190 440 0.0946
 190 450 0.0882
 190 460 0.0872
 190 470 0.0595
 190 480 0.0525
 190 490 0.0538
 190 500 0.0528
 190 510  0.062
 190 520 0.0929
 190 530  0.109
 190 540  0.119
 190 550  0.106
 190 560 0.0831
 190 570 0.0643
 190 580 0.0495
 190 590 0.0346
 190 600 0.0307
 190 610 0.0369
 190 620 0.0461
 190 630 0.0552
 190 640 0.0574
 190 650 0.0511
 190 660   0.05
 190 670 0.0569
 190 680  0.058
 190 690 0.0559
 190 700 0.0475
 190 710 0.0433
 190 720 0.0448
 190 730 0.0434
 190 740 0.0382
 190 750 0.0298
 190 760 0.0257
 190 770 0.0226
 190 780 0.0186
 190 790  0.017
 190 800 0.0184
 200 130  10000
 200 140  10000
 200 150  10000
 200 160  10000
 200 170  10000
 200 180  10000
 200 190  10000
 200 200  10000
 200 210  10000
 200 220  10000
 200 230  10000
 200 240  10000
 200 250  10000
 200 260  10000
 200 270  10000
 200 280  10000
 200 290  10000
 200 300   0.21
 200 310  0.441
 200 320  0.376
 200 330  0.245
 200 340  0.252
 200 350   0.24
 200 360  0.167
 200 370  0.121
 200 380  0.132
 200 390  0.139
 200 400  0.163
 200 410  0.146
 200 420  0.154
 200 430  0.167
 200 440  0.124
 200 450   0.11
 200 460  0.132
 200 470  0.135
 200 480 0.0789
 200 490  0.055
 200 500 0.0508
 200 510 0.0548
 200 520 0.0577
 200 530 0.0628
 200 540 0.0665
 200 550 0.0832
 200 560  0.109
 200 570 0.0988
 200 580 0.0709
 200 590 0.0496
 200 600 0.0368
 200 610 0.0282
 200 620 0.0278
 200 630 0.0322
 200 640 0.0374
 200 650 0.0427
 200 660 0.0454
 200 670 0.0456
 200 680  0.045
 200 690 0.0513
 200 700 0.0548
 200 710 0.0524
 200 720 0.0493
 200 730 0.0516
 200 740 0.0551
 200 750 0.0537
 200 760 0.0422
 200 770 0.0293
 200 780 0.0229
 200 790   0.02
 200 800 0.0181
 210 130  10000
 210 140  10000
 210 150  10000
 210 160  10000
 210 170  10000
 210 180  10000
 210 190  10000
 210 200  10000
 210 210  10000
 210 220  10000
 210 230  10000
 210 240  10000
 210 250  10000
 210 260  10000
 210 270  10000
 210 280  10000
 210 290  10000
 210 300  10000
 210 310  0.219
 210 320  0.517
 210 330  0.261
 210 340  0.149
 210 350  0.196
 210 360  0.187
 210 370  0.179
 210 380  0.131
 210 390  0.123
 210 400  0.126
 210 410  0.164
 210 420  0.127
 210 430  0.139
 210 440  0.182
 210 450  0.115
 210 460  0.113
 210 470  0.115
 210 480  0.116
 210 490 0.0966
 210 500 0.0697
 210 510 0.0439
 210 520 0.0414
 210 530 0.0418
 210 540 0.0468
 210 550 0.0524
 210 560 0.0653
 210 570 0.0978
 210 580  0.104
 210 590 0.0852
 210 600 0.0649
 210 610 0.0451
 210 620 0.0333
 210 630 0.0269
 210 640 0.0294
 210 650 0.0342
 210 660 0.0414
 210 670 0.0501
 210 680 0.0511
 210 690  0.048
 210 700 0.0447
 210 710 0.0475
 210 720 0.0471
 210 730 0.0465
 210 740 0.0474
 210 750 0.0519
 210 760 0.0513
 210 770 0.0457
 210 780 0.0329
 210 790 0.0255
 210 800 0.0217
 220 130  10000
 220 140  10000
 220 150  10000
 220 160  10000
 220 170  10000
 220 180  10000
 220 190  10000
 220 200  10000
 220 210  10000
 220 220  10000
 220 230  10000
 220 240  10000
 220 250  10000
 220 260  10000
 220 270  10000
 220 280  10000
 220 290  10000
 220 300  10000
 220 310  10000
 220 320  0.208
 220 330  0.352
 220 340  0.247
 220 350  0.157
 220 360  0.192
 220 370  0.186
 220 380  0.169
 220 390  0.136
 220 400   0.14
 220 410  0.131
 220 420  0.144
 220 430  0.131
 220 440  0.132
 220 450  0.201
 220 460  0.123
 220 470   0.11
 220 480  0.127
 220 490  0.118
 220 500  0.113
 220 510 0.0775
 220 520 0.0494
 220 530 0.0399
 220 540 0.0388
 220 550 0.0434
 220 560  0.047
 220 570  0.046
 220 580 0.0558
 220 590 0.0761
 220 600 0.0776
 220 610 0.0637
 220 620 0.0493
 220 630 0.0392
 220 640 0.0322
 220 650 0.0304
 220 660 0.0323
 220 670 0.0389
 220 680 0.0528
 220 690  0.061
 220 700 0.0578
 220 710 0.0506
 220 720  0.044
 220 730 0.0421
 220 740 0.0371
 220 750 0.0314
 220 760 0.0338
 220 770 0.0427
 220 780 0.0496
 220 790 0.0502
 220 800 0.0386
 230 130  0.687
 230 140  10000
 230 150  10000
 230 160  10000
 230 170  10000
 230 180  10000
 230 190  10000
 230 200  10000
 230 210  10000
 230 220  10000
 230 230  10000
 230 240  10000
 230 250  10000
 230 260  10000
 230 270  10000
 230 280  10000
 230 290  10000
 230 300  10000
 230 310  10000
 230 320  10000
 230 330  0.126
 230 340  0.361
 230 350    0.3
 230 360  0.172
 230 370  0.167
 230 380  0.208
 230 390  0.136
 230 400  0.137
 230 410  0.152
 230 420  0.183
 230 430  0.148
 230 440  0.152
 230 450  0.154
 230 460  0.183
 230 470  0.143
 230 480  0.119
 230 490  0.126
 230 500  0.112
 230 510 0.0851
 230 520 0.0727
 230 530 0.0583
 230 540 0.0393
 230 550 0.0365
 230 560 0.0342
 230 570 0.0396
 230 580 0.0399
 230 590  0.044
 230 600  0.058
 230 610 0.0792
 230 620 0.0686
 230 630 0.0455
 230 640  0.032
 230 650 0.0277
 230 660 0.0249
 230 670 0.0267
 230 680 0.0333
 230 690 0.0455
 230 700  0.058
 230 710 0.0604
 230 720 0.0528
 230 730 0.0445
 230 740 0.0415
 230 750 0.0426
 230 760 0.0457
 230 770 0.0391
 230 780 0.0363
 230 790 0.0388
 230 800 0.0409
 240 130  0.826
 240 140   0.57
 240 150  10000
 240 160  10000
 240 170  10000
 240 180  10000
 240 190  10000
 240 200  10000
 240 210  10000
 240 220  10000
 240 230  10000
 240 240  10000
 240 250  10000
 240 260  10000
 240 270  10000
 240 280  10000
 240 290  10000
 240 300  10000
 240 310  10000
 240 320  10000
 240 330  10000
 240 340   0.14
 240 350   0.25
 240 360  0.299
 240 370  0.151
 240 380  0.175
 240 390  0.185
 240 400  0.148
 240 410  0.175
 240 420  0.199
 240 430  0.232
 240 440  0.198
 240 450  0.178
 240 460  0.126
 240 470  0.154
 240 480  0.135
 240 490  0.101
 240 500  0.116
 240 510  0.121
 240 520  0.105
 240 530 0.0882
 240 540 0.0758
 240 550 0.0532
 240 560 0.0423
 240 570 0.0376
 240 580 0.0395
 240 590 0.0443
 240 600 0.0396
 240 610 0.0428
 240 620 0.0541
 240 630 0.0526
 240 640 0.0419
 240 650 0.0319
 240 660 0.0262
 240 670 0.0241
 240 680 0.0243
 240 690 0.0264
 240 700 0.0314
 240 710 0.0394
 240 720 0.0483
 240 730 0.0507
 240 740 0.0487
 240 750 0.0429
 240 760 0.0442
 240 770 0.0459
 240 780 0.0418
 240 790 0.0347
 240 800 0.0284
 250 130  0.563
 250 140  0.498
 250 150  0.686
 250 160  10000
 250 170  10000
 250 180  10000
 250 190  10000
 250 200  10000
 250 210  10000
 250 220  10000
 250 230  10000
 250 240  10000
 250 250  10000
 250 260  10000
 250 270  10000
 250 280  10000
 250 290  10000
 250 300  10000
 250 310  10000
 250 320  10000
 250 330  10000
 250 340  10000
 250 350  0.202
 250 360  0.213
 250 370   0.24
 250 380  0.122
 250 390  0.156
 250 400  0.146
 250 410  0.132
 250 420  0.132
 250 430  0.141
 250 440  0.237
 250 450  0.207
 250 460  0.155
 250 470  0.114
 250 480  0.122
 250 490  0.102
 250 500 0.0885
 250 510 0.0979
 250 520  0.124
 250 530  0.086
 250 540 0.0632
 250 550 0.0788
 250 560 0.0725
 250 570 0.0563
 250 580 0.0446
 250 590 0.0355
 250 600 0.0364
 250 610 0.0324
 250 620 0.0315
 250 630 0.0404
 250 640 0.0503
 250 650  0.048
 250 660 0.0364
 250 670 0.0291
 250 680 0.0289
 250 690 0.0314
 250 700 0.0326
 250 710 0.0339
 250 720 0.0374
 250 730 0.0437
 250 740 0.0477
 250 750 0.0462
 250 760 0.0415
 250 770 0.0402
 250 780 0.0425
 250 790  0.042
 250 800 0.0379
 260 130  0.348
 260 140  0.531
 260 150  0.335
 260 160  0.453
 260 170  10000
 260 180  10000
 260 190  10000
 260 200  10000
 260 210  10000
 260 220  10000
 260 230  10000
 260 240  10000
 260 250  10000
 260 260  10000
 260 270  10000
 260 280  10000
 260 290  10000
 260 300  10000
 260 310  10000
 260 320  10000
 260 330  10000
 260 340  10000
 260 350  10000
 260 360  0.317
 260 370  0.157
 260 380  0.163
 260 390  0.133
 260 400  0.142
 260 410  0.134
 260 420  0.138
 260 430  0.175
 260 440  0.139
 260 450  0.227
 260 460   0.21
 260 470  0.146
 260 480  0.138
 260 490  0.133
 260 500 0.0868
 260 510 0.0634
 260 520 0.0573
 260 530 0.0824
 260 540 0.0846
 260 550 0.0632
 260 560 0.0671
 260 570 0.0646
 260 580 0.0481
 260 590 0.0429
 260 600 0.0348
 260 610 0.0383
 260 620 0.0453
 260 630 0.0414
 260 640 0.0499
 260 650 0.0688
 260 660 0.0738
 260 670 0.0584
 260 680 0.0427
 260 690 0.0369
 260 700 0.0419
 260 710 0.0403
 260 720 0.0358
 260 730 0.0323
 260 740 0.0312
 260 750 0.0327
 260 760  0.033
 260 770  0.032
 260 780 0.0327
 260 790 0.0328
 260 800 0.0334
 270 130   0.55
 270 140  0.334
 270 150  0.417
 270 160  0.376
 270 170  0.299
 270 180  10000
 270 190  10000
 270 200  10000
 270 210  10000
 270 220  10000
 270 230  10000
 270 240  10000
 270 250  10000
 270 260  10000
 270 270  10000
 270 280  10000
 270 290  10000
 270 300  10000
 270 310  10000
 270 320  10000
 270 330  10000
 270 340  10000
 270 350  10000
 270 360  10000
 270 370  0.295
 270 380   0.15
 270 390   0.21
 270 400  0.153
 270 410   0.15
 270 420  0.112
 270 430  0.103
 270 440  0.128
 270 450  0.129
 270 460  0.184
 270 470  0.174
 270 480  0.131
 270 490   0.13
 270 500  0.117
 270 510 0.0729
 270 520 0.0582
 270 530 0.0628
 270 540  0.087
 270 550 0.0994
 270 560  0.072
 270 570 0.0765
 270 580  0.093
 270 590 0.0823
 270 600 0.0632
 270 610 0.0507
 270 620 0.0462
 270 630 0.0473
 270 640 0.0386
 270 650 0.0373
 270 660 0.0477
 270 670 0.0559
 270 680 0.0462
 270 690 0.0383
 270 700 0.0358
 270 710 0.0424
 270 720 0.0436
 270 730 0.0387
 270 740 0.0357
 270 750 0.0346
 270 760 0.0343
 270 770  0.037
 270 780 0.0383
 270 790 0.0392
 270 800 0.0363
 280 130  0.252
 280 140  0.433
 280 150   0.28
 280 160  0.335
 280 170  0.304
 280 180  0.212
 280 190  10000
 280 200  10000
 280 210  10000
 280 220  10000
 280 230  10000
 280 240  10000
 280 250  10000
 280 260  10000
 280 270  10000
 280 280  10000
 280 290  10000
 280 300  10000
 280 310  10000
 280 320  10000
 280 330  10000
 280 340  10000
 280 350  10000
 280 360  10000
 280 370  10000
 280 380  0.277
 280 390  0.136
 280 400  0.199
 280 410  0.158
 280 420  0.133
 280 430 0.0934
 280 440  0.104
 280 450    0.1
 280 460  0.103
 280 470  0.149
 280 480  0.175
 280 490  0.173
 280 500  0.138
 280 510  0.131
 280 520 0.0815
 280 530 0.0624
 280 540 0.0648
 280 550 0.0755
 280 560  0.081
 280 570 0.0604
 280 580 0.0561
 280 590  0.075
 280 600 0.0821
 280 610 0.0693
 280 620 0.0578
 280 630  0.044
 280 640 0.0463
 280 650 0.0401
 280 660 0.0351
 280 670 0.0435
 280 680  0.056
 280 690 0.0525
 280 700 0.0408
 280 710 0.0338
 280 720 0.0362
 280 730 0.0463
 280 740 0.0491
 280 750 0.0438
 280 760 0.0375
 280 770 0.0329
 280 780 0.0336
 280 790 0.0374
 280 800 0.0373
 290 130   0.23
 290 140  0.222
 290 150  0.393
 290 160   0.33
 290 170  0.618
 290 180  0.373
 290 190   0.26
 290 200  10000
 290 210  10000
 290 220  10000
 290 230  10000
 290 240  10000
 290 250  10000
 290 260  10000
 290 270  10000
 290 280  10000
 290 290  10000
 290 300  10000
 290 310  10000
 290 320  10000
 290 330  10000
 290 340  10000
 290 350  10000
 290 360  10000
 290 370  10000
 290 380  10000
 290 390  0.259
 290 400  0.102
 290 410  0.214
 290 420  0.178
 290 430  0.127
 290 440  0.096
 290 450  0.109
 290 460  0.145
 290 470 0.0905
 290 480  0.124
 290 490  0.139
 290 500  0.134
 290 510  0.124
 290 520  0.107
 290 530 0.0658
 290 540 0.0529
 290 550 0.0559
 290 560 0.0579
 290 570 0.0713
 290 580  0.066
 290 590 0.0491
 290 600 0.0725
 290 610 0.0898
 290 620 0.0687
 290 630 0.0585
 290 640 0.0539
 290 650 0.0431
 290 660 0.0421
 290 670  0.036
 290 680 0.0396
 290 690 0.0523
 290 700  0.059
 290 710 0.0476
 290 720 0.0373
 290 730 0.0364
 290 740 0.0462
 290 750 0.0561
 290 760  0.056
 290 770  0.049
 290 780 0.0412
 290 790 0.0383
 290 800 0.0356
 300 130  0.165
 300 140  0.178
 300 150  0.334
 300 160   0.37
 300 170  0.378
 300 180  0.625
 300 190  0.334
 300 200   0.21
 300 210  10000
 300 220  10000
 300 230  10000
 300 240  10000
 300 250  10000
 300 260  10000
 300 270  10000
 300 280  10000
 300 290  10000
 300 300  10000
 300 310  10000
 300 320  10000
 300 330  10000
 300 340  10000
 300 350  10000
 300 360  10000
 300 370  10000
 300 380  10000
 300 390  10000
 300 400  0.255
 300 410 0.0967
 300 420  0.255
 300 430   0.21
 300 440   0.11
 300 450 0.0752
 300 460  0.111
 300 470  0.151
 300 480 0.0996
 300 490 0.0978
 300 500  0.104
 300 510  0.102
 300 520 0.0823
 300 530  0.105
 300 540 0.0779
 300 550 0.0508
 300 560 0.0515
 300 570 0.0672
 300 580 0.0828
 300 590 0.0615
 300 600 0.0429
 300 610   0.06
 300 620 0.0851
 300 630  0.071
 300 640 0.0608
 300 650 0.0513
 300 660 0.0483
 300 670 0.0489
 300 680 0.0447
 300 690 0.0403
 300 700 0.0445
 300 710 0.0605
 300 720 0.0603
 300 730 0.0447
 300 740 0.0396
 300 750 0.0474
 300 760 0.0528
 300 770 0.0516
 300 780 0.0449
 300 790  0.036
 300 800 0.0283
 310 130  0.168
 310 140  0.159
 310 150  0.175
 310 160  0.352
 310 170  0.412
 310 180   0.28
 310 190  0.448
 310 200  0.441
 310 210  0.219
 310 220  10000
 310 230  10000
 310 240  10000
 310 250  10000
 310 260  10000
 310 270  10000
 310 280  10000
 310 290  10000
 310 300  10000
 310 310  10000
 310 320  10000
 310 330  10000
 310 340  10000
 310 350  10000
 310 360  10000
 310 370  10000
 310 380  10000
 310 390  10000
 310 400  10000
 310 410  0.265
 310 420 0.0958
 310 430  0.196
 310 440  0.207
 310 450   0.11
 310 460 0.0596
 310 470 0.0975
 310 480  0.114
 310 490 0.0969
 310 500 0.0939
 310 510  0.113
 310 520  0.136
 310 530 0.0925
 310 540  0.102
 310 550 0.0688
 310 560 0.0416
 310 570 0.0412
 310 580 0.0458
 310 590 0.0617
 310 600 0.0657
 310 610 0.0433
 310 620 0.0449
 310 630  0.067
 310 640 0.0728
 310 650  0.066
 310 660 0.0491
 310 670 0.0369
 310 680 0.0423
 310 690 0.0457
 310 700 0.0395
 310 710 0.0388
 310 720 0.0414
 310 730 0.0445
 310 740 0.0405
 310 750 0.0353
 310 760 0.0404
 310 770  0.051
 310 780 0.0531
 310 790 0.0535
 310 800 0.0466
 320 130  0.205
 320 140  0.163
 320 150  0.182
 320 160  0.146
 320 170  0.359
 320 180  0.277
 320 190  0.262
 320 200  0.376
 320 210  0.517
 320 220  0.208
 320 230  10000
 320 240  10000
 320 250  10000
 320 260  10000
 320 270  10000
 320 280  10000
 320 290  10000
 320 300  10000
 320 310  10000
 320 320  10000
 320 330  10000
 320 340  10000
 320 350  10000
 320 360  10000
 320 370  10000
 320 380  10000
 320 390  10000
 320 400  10000
 320 410  10000
 320 420  0.308
 320 430  0.114
 320 440  0.148
 320 450  0.194
 320 460  0.118
 320 470 0.0582
 320 480 0.0807
 320 490 0.0836
 320 500 0.0679
 320 510 0.0658
 320 520 0.0983
 320 530  0.148
 320 540  0.107
 320 550   0.11
 320 560 0.0868
 320 570 0.0462
 320 580 0.0389
 320 590  0.048
 320 600 0.0547
 320 610 0.0528
 320 620 0.0442
 320 630 0.0511
 320 640  0.073
 320 650 0.0801
 320 660 0.0695
 320 670 0.0599
 320 680 0.0533
 320 690  0.056
 320 700 0.0634
 320 710 0.0614
 320 720   0.06
 320 730 0.0603
 320 740 0.0579
 320 750 0.0496
 320 760 0.0389
 320 770 0.0372
 320 780  0.046
 320 790 0.0533
 320 800  0.049
 330 130  0.267
 330 140  0.199
 330 150  0.173
 330 160  0.123
 330 170  0.147
 330 180  0.292
 330 190  0.255
 330 200  0.245
 330 210  0.261
 330 220  0.352
 330 230  0.126
 330 240  10000
 330 250  10000
 330 260  10000
 330 270  10000
 330 280  10000
 330 290  10000
 330 300  10000
 330 310  10000
 330 320  10000
 330 330  10000
 330 340  10000
 330 350  10000
 330 360  10000
 330 370  10000
 330 380  10000
 330 390  10000
 330 400  10000
 330 410  10000
 330 420  10000
 330 430  0.254
 330 440  0.141
 330 450  0.176
 330 460  0.211
 330 470  0.126
 330 480 0.0529
 330 490 0.0745
 330 500 0.0733
 330 510 0.0622
 330 520 0.0694
 330 530 0.0858
 330 540    0.1
 330 550 0.0694
 330 560 0.0726
 330 570 0.0823
 330 580 0.0524
 330 590 0.0396
 330 600 0.0506
 330 610 0.0551
 330 620 0.0543
 330 630 0.0434
 330 640  0.042
 330 650 0.0655
 330 660 0.0733
 330 670 0.0587
 330 680 0.0545
 330 690  0.059
 330 700 0.0632
 330 710 0.0758
 330 720 0.0797
 330 730 0.0716
 330 740 0.0665
 330 750 0.0652
 330 760 0.0572
 330 770 0.0441
 330 780 0.0391
 330 790 0.0429
 330 800 0.0513
 340 130  0.207
 340 140  0.226
 340 150  0.212
 340 160  0.122
 340 170  0.117
 340 180  0.155
 340 190  0.259
 340 200  0.252
 340 210  0.149
 340 220  0.247
 340 230  0.361
 340 240   0.14
 340 250  10000
 340 260  10000
 340 270  10000
 340 280  10000
 340 290  10000
 340 300  10000
 340 310  10000
 340 320  10000
 340 330  10000
 340 340  10000
 340 350  10000
 340 360  10000
 340 370  10000
 340 380  10000
 340 390  10000
 340 400  10000
 340 410  10000
 340 420  10000
 340 430  10000
 340 440  0.248
 340 450  0.134
 340 460  0.181
 340 470  0.189
 340 480  0.113
 340 490   0.05
 340 500 0.0655
 340 510 0.0721
 340 520 0.0604
 340 530 0.0645
 340 540 0.0711
 340 550 0.0907
 340 560 0.0751
 340 570 0.0668
 340 580 0.0678
 340 590 0.0503
 340 600 0.0392
 340 610 0.0427
 340 620 0.0537
 340 630  0.061
 340 640 0.0531
 340 650  0.055
 340 660 0.0789
 340 670 0.0819
 340 680  0.061
 340 690 0.0513
 340 700  0.056
 340 710 0.0641
 340 720 0.0728
 340 730 0.0801
 340 740 0.0741
 340 750 0.0657
 340 760 0.0667
 340 770 0.0638
 340 780 0.0539
 340 790 0.0413
 340 800 0.0373
 350 130  0.159
 350 140  0.179
 350 150   0.18
 350 160   0.15
 350 170  0.124
 350 180  0.117
 350 190  0.156
 350 200   0.24
 350 210  0.196
 350 220  0.157
 350 230    0.3
 350 240   0.25
 350 250  0.202
 350 260  10000
 350 270  10000
 350 280  10000
 350 290  10000
 350 300  10000
 350 310  10000
 350 320  10000
 350 330  10000
 350 340  10000
 350 350  10000
 350 360  10000
 350 370  10000
 350 380  10000
 350 390  10000
 350 400  10000
 350 410  10000
 350 420  10000
 350 430  10000
 350 440  10000
 350 450  0.176
 350 460  0.144
 350 470   0.21
 350 480  0.205
 350 490  0.102
 350 500 0.0415
 350 510 0.0547
 350 520 0.0769
 350 530 0.0824
 350 540 0.0899
 350 550  0.101
 350 560  0.118
 350 570 0.0897
 350 580 0.0608
 350 590 0.0568
 350 600 0.0439
 350 610 0.0354
 350 620 0.0367
 350 630 0.0435
 350 640 0.0583
 350 650 0.0602
 350 660 0.0518
 350 670 0.0674
 350 680 0.0787
 350 690 0.0577
 350 700  0.041
 350 710 0.0448
 350 720 0.0521
 350 730 0.0672
 350 740 0.0808
 350 750 0.0802
 350 760  0.072
 350 770 0.0584
 350 780 0.0473
 350 790 0.0392
 350 800 0.0345
 360 130  0.203
 360 140  0.122
 360 150  0.164
 360 160  0.132
 360 170  0.141
 360 180  0.112
 360 190  0.105
 360 200  0.167
 360 210  0.187
 360 220  0.192
 360 230  0.172
 360 240  0.299
 360 250  0.213
 360 260  0.317
 360 270  10000
 360 280  10000
 360 290  10000
 360 300  10000
 360 310  10000
 360 320  10000
 360 330  10000
 360 340  10000
 360 350  10000
 360 360  10000
 360 370  10000
 360 380  10000
 360 390  10000
 360 400  10000
 360 410  10000
 360 420  10000
 360 430  10000
 360 440  10000
 360 450  10000
 360 460  0.239
 360 470  0.178
 360 480   0.16
 360 490  0.211
 360 500  0.111
 360 510 0.0458
 360 520 0.0578
 360 530 0.0841
 360 540 0.0835
 360 550 0.0771
 360 560 0.0743
 360 570 0.0945
 360 580 0.0675
 360 590  0.038
 360 600 0.0438
 360 610 0.0537
 360 620 0.0453
 360 630 0.0448
 360 640 0.0553
 360 650 0.0752
 360 660 0.0693
 360 670 0.0577
 360 680 0.0694
 360 690 0.0725
 360 700  0.056
 360 710 0.0435
 360 720 0.0494
 360 730 0.0653
 360 740 0.0738
 360 750  0.089
 360 760 0.0946
 360 770 0.0816
 360 780 0.0698
 360 790 0.0478
 360 800 0.0338
 370 130  0.214
 370 140  0.141
 370 150  0.141
 370 160  0.107
 370 170  0.161
 370 180  0.168
 370 190 0.0959
 370 200  0.121
 370 210  0.179
 370 220  0.186
 370 230  0.167
 370 240  0.151
 370 250   0.24
 370 260  0.157
 370 270  0.295
 370 280  10000
 370 290  10000
 370 300  10000
 370 310  10000
 370 320  10000
 370 330  10000
 370 340  10000
 370 350  10000
 370 360  10000
 370 370  10000
 370 380  10000
 370 390  10000
 370 400  10000
 370 410  10000
 370 420  10000
 370 430  10000
 370 440  10000
 370 450  10000
 370 460  10000
 370 470  0.183
 370 480  0.207
 370 490  0.205
 370 500  0.221
 370 510  0.128
 370 520 0.0475
 370 530  0.066
 370 540 0.0904
 370 550 0.0933
 370 560 0.0761
 370 570 0.0743
 370 580 0.0805
 370 590 0.0603
 370 600 0.0375
 370 610 0.0353
 370 620 0.0371
 370 630 0.0376
 370 640 0.0421
 370 650 0.0536
 370 660 0.0652
 370 670 0.0593
 370 680 0.0478
 370 690 0.0582
 370 700 0.0767
 370 710 0.0699
 370 720 0.0499
 370 730  0.051
 370 740 0.0604
 370 750 0.0617
 370 760 0.0734
 370 770 0.0811
 370 780 0.0809
 370 790 0.0723
 370 800 0.0591
 380 130  0.251
 380 140  0.184
 380 150   0.13
 380 160  0.127
 380 170  0.112
 380 180  0.211
 380 190  0.141
 380 200  0.132
 380 210  0.131
 380 220  0.169
 380 230  0.208
 380 240  0.175
 380 250  0.122
 380 260  0.163
 380 270   0.15
 380 280  0.277
 380 290  10000
 380 300  10000
 380 310  10000
 380 320  10000
 380 330  10000
 380 340  10000
 380 350  10000
 380 360  10000
 380 370  10000
 380 380  10000
 380 390  10000
 380 400  10000
 380 410  10000
 380 420  10000
 380 430  10000
 380 440  10000
 380 450  10000
 380 460  10000
 380 470  10000
 380 480  0.191
 380 490  0.205
 380 500  0.142
 380 510  0.218
 380 520  0.166
 380 530 0.0687
 380 540 0.0704
 380 550 0.0912
 380 560 0.0886
 380 570 0.0861
 380 580 0.0821
 380 590 0.0881
 380 600 0.0569
 380 610 0.0322
 380 620 0.0301
 380 630 0.0337
 380 640  0.031
 380 650 0.0303
 380 660 0.0433
 380 670 0.0611
 380 680 0.0563
 380 690 0.0528
 380 700  0.066
 380 710 0.0842
 380 720  0.081
 380 730 0.0558
 380 740 0.0545
 380 750 0.0664
 380 760 0.0742
 380 770 0.0858
 380 780  0.101
 380 790 0.0936
 380 800 0.0811
 390 130  0.205
 390 140  0.213
 390 150  0.137
 390 160 0.0949
 390 170  0.117
 390 180  0.127
 390 190  0.231
 390 200  0.139
 390 210  0.123
 390 220  0.136
 390 230  0.136
 390 240  0.185
 390 250  0.156
 390 260  0.133
 390 270   0.21
 390 280  0.136
 390 290  0.259
 390 300  10000
 390 310  10000
 390 320  10000
 390 330  10000
 390 340  10000
 390 350  10000
 390 360  10000
 390 370  10000
 390 380  10000
 390 390  10000
 390 400  10000
 390 410  10000
 390 420  10000
 390 430  10000
 390 440  10000
 390 450  10000
 390 460  10000
 390 470  10000
 390 480  10000
 390 490  0.178
 390 500  0.188
 390 510  0.102
 390 520  0.151
 390 530  0.129
 390 540 0.0736
 390 550 0.0708
 390 560 0.0865
 390 570 0.0922
 390 580  0.106
 390 590 0.0828
 390 600  0.084
 390 610 0.0657
 390 620 0.0336
 390 630 0.0318
 390 640 0.0347
 390 650 0.0315
 390 660 0.0302
 390 670  0.036
 390 680 0.0499
 390 690 0.0457
 390 700 0.0442
 390 710 0.0511
 390 720 0.0625
 390 730 0.0646
 390 740 0.0541
 390 750 0.0547
 390 760 0.0647
 390 770 0.0756
 390 780 0.0774
 390 790 0.0796
 390 800 0.0707
 400 130  0.138
 400 140  0.204
 400 150  0.142
 400 160  0.105
 400 170 0.0931
 400 180   0.15
 400 190  0.154
 400 200  0.163
 400 210  0.126
 400 220   0.14
 400 230  0.137
 400 240  0.148
 400 250  0.146
 400 260  0.142
 400 270  0.153
 400 280  0.199
 400 290  0.102
 400 300  0.255
 400 310  10000
 400 320  10000
 400 330  10000
 400 340  10000
 400 350  10000
 400 360  10000
 400 370  10000
 400 380  10000
 400 390  10000
 400 400  10000
 400 410  10000
 400 420  10000
 400 430  10000
 400 440  10000
 400 450  10000
 400 460  10000
 400 470  10000
 400 480  10000
 400 490  10000
 400 500  0.149
 400 510   0.19
 400 520 0.0822
 400 530   0.12
 400 540  0.151
 400 550 0.0929
 400 560 0.0581
 400 570 0.0676
 400 580 0.0908
 400 590  0.117
 400 600 0.0823
 400 610 0.0888
 400 620 0.0695
 400 630 0.0334
 400 640 0.0373
 400 650 0.0476
 400 660 0.0364
 400 670 0.0311
 400 680 0.0368
 400 690 0.0473
 400 700 0.0438
 400 710  0.042
 400 720 0.0412
 400 730 0.0501
 400 740 0.0525
 400 750 0.0404
 400 760 0.0431
 400 770 0.0652
 400 780 0.0775
 400 790 0.0843
 400 800 0.0789
 410 130  0.168
 410 140  0.173
 410 150  0.133
 410 160  0.142
 410 170 0.0868
 410 180   0.13
 410 190  0.174
 410 200  0.146
 410 210  0.164
 410 220  0.131
 410 230  0.152
 410 240  0.175
 410 250  0.132
 410 260  0.134
 410 270   0.15
 410 280  0.158
 410 290  0.214
 410 300 0.0967
 410 310  0.265
 410 320  10000
 410 330  10000
 410 340  10000
 410 350  10000
 410 360  10000
 410 370  10000
 410 380  10000
 410 390  10000
 410 400  10000
 410 410  10000
 410 420  10000
 410 430  10000
 410 440  10000
 410 450  10000
 410 460  10000
 410 470  10000
 410 480  10000
 410 490  10000
 410 500  10000
 410 510  0.134
 410 520  0.163
 410 530 0.0851
 410 540  0.105
 410 550  0.131
 410 560 0.0874
 410 570 0.0587
 410 580 0.0795
 410 590 0.0988
 410 600  0.105
 410 610 0.0728
 410 620  0.059
 410 630  0.041
 410 640 0.0284
 410 650 0.0335
 410 660 0.0463
 410 670  0.041
 410 680   0.04
 410 690 0.0388
 410 700 0.0429
 410 710  0.043
 410 720 0.0423
 410 730 0.0429
 410 740 0.0546
 410 750 0.0637
 410 760 0.0626
 410 770 0.0582
 410 780  0.071
 410 790 0.0832
 410 800 0.0864
 420 130  0.183
 420 140  0.132
 420 150  0.131
 420 160   0.12
 420 170  0.109
 420 180  0.119
 420 190  0.153
 420 200  0.154
 420 210  0.127
 420 220  0.144
 420 230  0.183
 420 240  0.199
 420 250  0.132
 420 260  0.138
 420 270  0.112
 420 280  0.133
 420 290  0.178
 420 300  0.255
 420 310 0.0958
 420 320  0.308
 420 330  10000
 420 340  10000
 420 350  10000
 420 360  10000
 420 370  10000
 420 380  10000
 420 390  10000
 420 400  10000
 420 410  10000
 420 420  10000
 420 430  10000
 420 440  10000
 420 450  10000
 420 460  10000
 420 470  10000
 420 480  10000
 420 490  10000
 420 500  10000
 420 510  10000
 420 520  0.155
 420 530  0.145
 420 540 0.0871
 420 550  0.105
 420 560  0.133
 420 570 0.0832
 420 580 0.0553
 420 590 0.0619
 420 600  0.149
 420 610  0.151
 420 620  0.111
 420 630 0.0923
 420 640 0.0556
 420 650 0.0312
 420 660 0.0278
 420 670  0.034
 420 680 0.0378
 420 690 0.0348
 420 700 0.0319
 420 710 0.0305
 420 720 0.0325
 420 730 0.0343
 420 740 0.0331
 420 750 0.0457
 420 760 0.0661
 420 770 0.0754
 420 780 0.0691
 420 790 0.0655
 420 800 0.0655
 430 130  0.247
 430 140  0.167
 430 150  0.132
 430 160  0.107
 430 170  0.114
 430 180  0.115
 430 190   0.12
 430 200  0.167
 430 210  0.139
 430 220  0.131
 430 230  0.148
 430 240  0.232
 430 250  0.141
 430 260  0.175
 430 270  0.103
 430 280 0.0934
 430 290  0.127
 430 300   0.21
 430 310  0.196
 430 320  0.114
 430 330  0.254
 430 340  10000
 430 350  10000
 430 360  10000
 430 370  10000
 430 380  10000
 430 390  10000
 430 400  10000
 430 410  10000
 430 420  10000
 430 430  10000
 430 440  10000
 430 450  10000
 430 460  10000
 430 470  10000
 430 480  10000
 430 490  10000
 430 500  10000
 430 510  10000
 430 520  10000
 430 530  0.157
 430 540  0.117
 430 550 0.0835
 430 560   0.11
 430 570  0.163
 430 580 0.0915
 430 590 0.0738
 430 600 0.0751
 430 610  0.135
 430 620  0.136
 430 630  0.107
 430 640 0.0877
 430 650 0.0537
 430 660 0.0285
 430 670 0.0263
 430 680 0.0275
 430 690 0.0321
 430 700 0.0389
 430 710 0.0375
 430 720 0.0371
 430 730 0.0366
 430 740 0.0381
 430 750 0.0356
 430 760 0.0444
 430 770 0.0598
 430 780 0.0703
 430 790 0.0693
 430 800 0.0647
 440 130  0.187
 440 140  0.203
 440 150  0.162
 440 160  0.106
 440 170 0.0811
 440 180   0.12
 440 190 0.0946
 440 200  0.124
 440 210  0.182
 440 220  0.132
 440 230  0.152
 440 240  0.198
 440 250  0.237
 440 260  0.139
 440 270  0.128
 440 280  0.104
 440 290  0.096
 440 300   0.11
 440 310  0.207
 440 320  0.148
 440 330  0.141
 440 340  0.248
 440 350  10000
 440 360  10000
 440 370  10000
 440 380  10000
 440 390  10000
 440 400  10000
 440 410  10000
 440 420  10000
 440 430  10000
 440 440  10000
 440 450  10000
 440 460  10000
 440 470  10000
 440 480  10000
 440 490  10000
 440 500  10000
 440 510  10000
 440 520  10000
 440 530  10000
 440 540  0.114
 440 550 0.0981
 440 560  0.068
 440 570  0.109
 440 580  0.151
 440 590    0.1
 440 600 0.0713
 440 610  0.053
 440 620 0.0967
 440 630 0.0939
 440 640 0.0817
 440 650 0.0666
 440 660 0.0546
 440 670 0.0307
 440 680 0.0309
 440 690 0.0317
 440 700  0.033
 440 710 0.0395
 440 720 0.0408
 440 730 0.0348
 440 740 0.0336
 440 750 0.0356
 440 760 0.0321
 440 770 0.0375
 440 780 0.0497
 440 790 0.0609
 440 800 0.0628
 450 130  0.164
 450 140   0.18
 450 150  0.226
 450 160  0.102
 450 170 0.0892
 450 180 0.0976
 450 190 0.0882
 450 200   0.11
 450 210  0.115
 450 220  0.201
 450 230  0.154
 450 240  0.178
 450 250  0.207
 450 260  0.227
 450 270  0.129
 450 280    0.1
 450 290  0.109
 450 300 0.0752
 450 310   0.11
 450 320  0.194
 450 330  0.176
 450 340  0.134
 450 350  0.176
 450 360  10000
 450 370  10000
 450 380  10000
 450 390  10000
 450 400  10000
 450 410  10000
 450 420  10000
 450 430  10000
 450 440  10000
 450 450  10000
 450 460  10000
 450 470  10000
 450 480  10000
 450 490  10000
 450 500  10000
 450 510  10000
 450 520  10000
 450 530  10000
 450 540  10000
 450 550  0.106
 450 560 0.0959
 450 570 0.0559
 450 580  0.102
 450 590  0.139
 450 600  0.107
 450 610 0.0652
 450 620 0.0542
 450 630 0.0894
 450 640  0.101
 450 650 0.0859
 450 660 0.0594
 450 670 0.0521
 450 680 0.0359
 450 690 0.0353
 450 700 0.0347
 450 710 0.0337
 450 720 0.0401
 450 730 0.0433
 450 740 0.0418
 450 750 0.0368
 450 760 0.0337
 450 770   0.03
 450 780 0.0329
 450 790 0.0404
 450 800 0.0496
 460 130  0.136
 460 140  0.131
 460 150  0.233
 460 160  0.134
 460 170  0.102
 460 180 0.0884
 460 190 0.0872
 460 200  0.132
 460 210  0.113
 460 220  0.123
 460 230  0.183
 460 240  0.126
 460 250  0.155
 460 260   0.21
 460 270  0.184
 460 280  0.103
 460 290  0.145
 460 300  0.111
 460 310 0.0596
 460 320  0.118
 460 330  0.211
 460 340  0.181
 460 350  0.144
 460 360  0.239
 460 370  10000
 460 380  10000
 460 390  10000
 460 400  10000
 460 410  10000
 460 420  10000
 460 430  10000
 460 440  10000
 460 450  10000
 460 460  10000
 460 470  10000
 460 480  10000
 460 490  10000
 460 500  10000
 460 510  10000
 460 520  10000
 460 530  10000
 460 540  10000
 460 550  10000
 460 560 0.0797
 460 570 0.0753
 460 580 0.0595
 460 590 0.0778
 460 600  0.131
 460 610  0.122
 460 620 0.0841
 460 630 0.0627
 460 640   0.09
 460 650    0.1
 460 660 0.0824
 460 670 0.0508
 460 680 0.0461
 460 690 0.0333
 460 700 0.0345
 460 710 0.0402
 460 720 0.0378
 460 730 0.0409
 460 740 0.0433
 460 750 0.0417
 460 760  0.035
 460 770 0.0303
 460 780 0.0273
 460 790 0.0292
 460 800 0.0387
 470 130  0.101
 470 140  0.114
 470 150  0.201
 470 160  0.173
 470 170  0.119
 470 180 0.0862
 470 190 0.0595
 470 200  0.135
 470 210  0.115
 470 220   0.11
 470 230  0.143
 470 240  0.154
 470 250  0.114
 470 260  0.146
 470 270  0.174
 470 280  0.149
 470 290 0.0905
 470 300  0.151
 470 310 0.0975
 470 320 0.0582
 470 330  0.126
 470 340  0.189
 470 350   0.21
 470 360  0.178
 470 370  0.183
 470 380  10000
 470 390  10000
 470 400  10000
 470 410  10000
 470 420  10000
 470 430  10000
 470 440  10000
 470 450  10000
 470 460  10000
 470 470  10000
 470 480  10000
 470 490  10000
 470 500  10000
 470 510  10000
 470 520  10000
 470 530  10000
 470 540  10000
 470 550  10000
 470 560  10000
 470 570 0.0692
 470 580 0.0621
 470 590 0.0632
 470 600 0.0779
 470 610  0.113
 470 620  0.108
 470 630  0.107
 470 640 0.0636
 470 650 0.0892
 470 660 0.0988
 470 670  0.092
 470 680 0.0607
 470 690 0.0539
 470 700 0.0411
 470 710 0.0363
 470 720 0.0383
 470 730 0.0386
 470 740 0.0383
 470 750 0.0341
 470 760 0.0326
 470 770  0.031
 470 780 0.0303
 470 790 0.0322
 470 800 0.0387
 480 130 0.0967
 480 140 0.0879
 480 150  0.168
 480 160  0.178
 480 170  0.152
 480 180 0.0841
 480 190 0.0525
 480 200 0.0789
 480 210  0.116
 480 220  0.127
 480 230  0.119
 480 240  0.135
 480 250  0.122
 480 260  0.138
 480 270  0.131
 480 280  0.175
 480 290  0.124
 480 300 0.0996
 480 310  0.114
 480 320 0.0807
 480 330 0.0529
 480 340  0.113
 480 350  0.205
 480 360   0.16
 480 370  0.207
 480 380  0.191
 480 390  10000
 480 400  10000
 480 410  10000
 480 420  10000
 480 430  10000
 480 440  10000
 480 450  10000
 480 460  10000
 480 470  10000
 480 480  10000
 480 490  10000
 480 500  10000
 480 510  10000
 480 520  10000
 480 530  10000
 480 540  10000
 480 550  10000
 480 560  10000
 480 570  10000
 480 580 0.0597
 480 590 0.0744
 480 600 0.0443
 480 610 0.0661
 480 620  0.115
 480 630  0.128
 480 640 0.0941
 480 650 0.0623
 480 660  0.075
 480 670 0.0886
 480 680  0.104
 480 690 0.0825
 480 700 0.0702
 480 710 0.0549
 480 720 0.0489
 480 730 0.0478
 480 740 0.0386
 480 750 0.0349
 480 760 0.0335
 480 770 0.0305
 480 780 0.0284
 480 790 0.0264
 480 800 0.0246
 490 130  0.121
 490 140 0.0731
 490 150  0.122
 490 160  0.133
 490 170  0.179
 490 180  0.104
 490 190 0.0538
 490 200  0.055
 490 210 0.0966
 490 220  0.118
 490 230  0.126
 490 240  0.101
 490 250  0.102
 490 260  0.133
 490 270   0.13
 490 280  0.173
 490 290  0.139
 490 300 0.0978
 490 310 0.0969
 490 320 0.0836
 490 330 0.0745
 490 340   0.05
 490 350  0.102
 490 360  0.211
 490 370  0.205
 490 380  0.205
 490 390  0.178
 490 400  10000
 490 410  10000
 490 420  10000
 490 430  10000
 490 440  10000
 490 450  10000
 490 460  10000
 490 470  10000
 490 480  10000
 490 490  10000
 490 500  10000
 490 510  10000
 490 520  10000
 490 530  10000
 490 540  10000
 490 550  10000
 490 560  10000
 490 570  10000
 490 580  10000
 490 590 0.0546
 490 600 0.0721
 490 610 0.0556
 490 620 0.0781
 490 630  0.109
 490 640  0.126
 490 650 0.0991
 490 660 0.0638
 490 670 0.0705
 490 680 0.0761
 490 690  0.097
 490 700 0.0831
 490 710 0.0725
 490 720 0.0587
 490 730 0.0549
 490 740 0.0538
 490 750 0.0435
 490 760 0.0473
 490 770 0.0497
 490 780  0.042
 490 790  0.033
 490 800 0.0292
 500 130  0.154
 500 140 0.0778
 500 150 0.0998
 500 160  0.111
 500 170  0.153
 500 180  0.146
 500 190 0.0528
 500 200 0.0508
 500 210 0.0697
 500 220  0.113
 500 230  0.112
 500 240  0.116
 500 250 0.0885
 500 260 0.0868
 500 270  0.117
 500 280  0.138
 500 290  0.134
 500 300  0.104
 500 310 0.0939
 500 320 0.0679
 500 330 0.0733
 500 340 0.0655
 500 350 0.0415
 500 360  0.111
 500 370  0.221
 500 380  0.142
 500 390  0.188
 500 400  0.149
 500 410  10000
 500 420  10000
 500 430  10000
 500 440  10000
 500 450  10000
 500 460  10000
 500 470  10000
 500 480  10000
 500 490  10000
 500 500  10000
 500 510  10000
 500 520  10000
 500 530  10000
 500 540  10000
 500 550  10000
 500 560  10000
 500 570  10000
 500 580  10000
 500 590  10000
 500 600 0.0662
 500 610  0.048
 500 620 0.0716
 500 630  0.109
 500 640  0.124
 500 650    0.1
 500 660 0.0842
 500 670 0.0519
 500 680 0.0537
 500 690 0.0664
 500 700 0.0911
 500 710  0.104
 500 720  0.105
 500 730 0.0758
 500 740 0.0552
 500 750 0.0516
 500 760 0.0463
 500 770 0.0457
 500 780 0.0431
 500 790 0.0425
 500 800 0.0367
 510 130  0.158
 510 140 0.0931
 510 150 0.0819
 510 160 0.0948
 510 170  0.129
 510 180  0.149
 510 190  0.062
 510 200 0.0548
 510 210 0.0439
 510 220 0.0775
 510 230 0.0851
 510 240  0.121
 510 250 0.0979
 510 260 0.0634
 510 270 0.0729
 510 280  0.131
 510 290  0.124
 510 300  0.102
 510 310  0.113
 510 320 0.0658
 510 330 0.0622
 510 340 0.0721
 510 350 0.0547
 510 360 0.0458
 510 370  0.128
 510 380  0.218
 510 390  0.102
 510 400   0.19
 510 410  0.134
 510 420  10000
 510 430  10000
 510 440  10000
 510 450  10000
 510 460  10000
 510 470  10000
 510 480  10000
 510 490  10000
 510 500  10000
 510 510  10000
 510 520  10000
 510 530  10000
 510 540  10000
 510 550  10000
 510 560  10000
 510 570  10000
 510 580  10000
 510 590  10000
 510 600  10000
 510 610 0.0677
 510 620 0.0751
 510 630  0.059
 510 640  0.107
 510 650  0.134
 510 660  0.102
 510 670 0.0909
 510 680  0.067
 510 690 0.0714
 510 700 0.0671
 510 710 0.0853
 510 720 0.0865
 510 730 0.0795
 510 740 0.0566
 510 750 0.0456
 510 760 0.0486
 510 770 0.0423
 510 780 0.0349
 510 790 0.0367
 510 800 0.0414
 520 130  0.133
 520 140  0.123
 520 150 0.0718
 520 160 0.0728
 520 170  0.108
 520 180  0.122
 520 190 0.0929
 520 200 0.0577
 520 210 0.0414
 520 220 0.0494
 520 230 0.0727
 520 240  0.105
 520 250  0.124
 520 260 0.0573
 520 270 0.0582
 520 280 0.0815
 520 290  0.107
 520 300 0.0823
 520 310  0.136
 520 320 0.0983
 520 330 0.0694
 520 340 0.0604
 520 350 0.0769
 520 360 0.0578
 520 370 0.0475
 520 380  0.166
 520 390  0.151
 520 400 0.0822
 520 410  0.163
 520 420  0.155
 520 430  10000
 520 440  10000
 520 450  10000
 520 460  10000
 520 470  10000
 520 480  10000
 520 490  10000
 520 500  10000
 520 510  10000
 520 520  10000
 520 530  10000
 520 540  10000
 520 550  10000
 520 560  10000
 520 570  10000
 520 580  10000
 520 590  10000
 520 600  10000
 520 610  10000
 520 620  0.083
 520 630 0.0786
 520 640 0.0521
 520 650 0.0903
 520 660  0.119
 520 670  0.114
 520 680  0.096
 520 690 0.0504
 520 700 0.0623
 520 710 0.0566
 520 720 0.0701
 520 730 0.0812
 520 740 0.0715
 520 750 0.0578
 520 760 0.0506
 520 770 0.0455
 520 780 0.0359
 520 790 0.0385
 520 800 0.0395
 530 130  0.104
 530 140  0.154
 530 150 0.0794
 530 160  0.062
 530 170 0.0835
 530 180  0.104
 530 190  0.109
 530 200 0.0628
 530 210 0.0418
 530 220 0.0399
 530 230 0.0583
 530 240 0.0882
 530 250  0.086
 530 260 0.0824
 530 270 0.0628
 530 280 0.0624
 530 290 0.0658
 530 300  0.105
 530 310 0.0925
 530 320  0.148
 530 330 0.0858
 530 340 0.0645
 530 350 0.0824
 530 360 0.0841
 530 370  0.066
 530 380 0.0687
 530 390  0.129
 530 400   0.12
 530 410 0.0851
 530 420  0.145
 530 430  0.157
 530 440  10000
 530 450  10000
 530 460  10000
 530 470  10000
 530 480  10000
 530 490  10000
 530 500  10000
 530 510  10000
 530 520  10000
 530 530  10000
 530 540  10000
 530 550  10000
 530 560  10000
 530 570  10000
 530 580  10000
 530 590  10000
 530 600  10000
 530 610  10000
 530 620  10000
 530 630 0.0904
 530 640 0.0813
 530 650 0.0636
 530 660 0.0885
 530 670  0.138
 530 680  0.142
 530 690  0.105
 530 700 0.0478
 530 710 0.0529
 530 720 0.0598
 530 730 0.0714
 530 740 0.0687
 530 750  0.063
 530 760 0.0581
 530 770 0.0545
 530 780 0.0539
 530 790 0.0444
 530 800  0.033
 540 130 0.0784
 540 140  0.116
 540 150 0.0929
 540 160 0.0587
 540 170 0.0634
 540 180 0.0741
 540 190  0.119
 540 200 0.0665
 540 210 0.0468
 540 220 0.0388
 540 230 0.0393
 540 240 0.0758
 540 250 0.0632
 540 260 0.0846
 540 270  0.087
 540 280 0.0648
 540 290 0.0529
 540 300 0.0779
 540 310  0.102
 540 320  0.107
 540 330    0.1
 540 340 0.0711
 540 350 0.0899
 540 360 0.0835
 540 370 0.0904
 540 380 0.0704
 540 390 0.0736
 540 400  0.151
 540 410  0.105
 540 420 0.0871
 540 430  0.117
 540 440  0.114
 540 450  10000
 540 460  10000
 540 470  10000
 540 480  10000
 540 490  10000
 540 500  10000
 540 510  10000
 540 520  10000
 540 530  10000
 540 540  10000
 540 550  10000
 540 560  10000
 540 570  10000
 540 580  10000
 540 590  10000
 540 600  10000
 540 610  10000
 540 620  10000
 540 630  10000
 540 640 0.0975
 540 650 0.0996
 540 660 0.0646
 540 670 0.0844
 540 680  0.152
 540 690  0.151
 540 700  0.134
 540 710 0.0758
 540 720 0.0642
 540 730 0.0569
 540 740 0.0558
 540 750 0.0582
 540 760 0.0545
 540 770  0.046
 540 780 0.0463
 540 790 0.0449
 540 800 0.0377
 550 130 0.0646
 550 140 0.0952
 550 150 0.0973
 550 160 0.0684
 550 170 0.0564
 550 180 0.0523
 550 190  0.106
 550 200 0.0832
 550 210 0.0524
 550 220 0.0434
 550 230 0.0365
 550 240 0.0532
 550 250 0.0788
 550 260 0.0632
 550 270 0.0994
 550 280 0.0755
 550 290 0.0559
 550 300 0.0508
 550 310 0.0688
 550 320   0.11
 550 330 0.0694
 550 340 0.0907
 550 350  0.101
 550 360 0.0771
 550 370 0.0933
 550 380 0.0912
 550 390 0.0708
 550 400 0.0929
 550 410  0.131
 550 420  0.105
 550 430 0.0835
 550 440 0.0981
 550 450  0.106
 550 460  10000
 550 470  10000
 550 480  10000
 550 490  10000
 550 500  10000
 550 510  10000
 550 520  10000
 550 530  10000
 550 540  10000
 550 550  10000
 550 560  10000
 550 570  10000
 550 580  10000
 550 590  10000
 550 600  10000
 550 610  10000
 550 620  10000
 550 630  10000
 550 640  10000
 550 650  0.106
 550 660  0.103
 550 670 0.0789
 550 680 0.0886
 550 690  0.141
 550 700  0.127
 550 710  0.113
 550 720 0.0823
 550 730  0.054
 550 740 0.0366
 550 750  0.046
 550 760 0.0468
 550 770 0.0392
 550 780 0.0338
 550 790  0.032
 550 800 0.0409
 560 130 0.0606
 560 140 0.0896
 560 150 0.0845
 560 160 0.0919
 560 170 0.0515
 560 180 0.0373
 560 190 0.0831
 560 200  0.109
 560 210 0.0653
 560 220  0.047
 560 230 0.0342
 560 240 0.0423
 560 250 0.0725
 560 260 0.0671
 560 270  0.072
 560 280  0.081
 560 290 0.0579
 560 300 0.0515
 560 310 0.0416
 560 320 0.0868
 560 330 0.0726
 560 340 0.0751
 560 350  0.118
 560 360 0.0743
 560 370 0.0761
 560 380 0.0886
 560 390 0.0865
 560 400 0.0581
 560 410 0.0874
 560 420  0.133
 560 430   0.11
 560 440  0.068
 560 450 0.0959
 560 460 0.0797
 560 470  10000
 560 480  10000
 560 490  10000
 560 500  10000
 560 510  10000
 560 520  10000
 560 530  10000
 560 540  10000
 560 550  10000
 560 560  10000
 560 570  10000
 560 580  10000
 560 590  10000
 560 600  10000
 560 610  10000
 560 620  10000
 560 630  10000
 560 640  10000
 560 650  10000
 560 660 0.0864
 560 670    0.1
 560 680 0.0895
 560 690 0.0918
 560 700 0.0968
 560 710  0.114
 560 720  0.124
 560 730  0.087
 560 740 0.0501
 560 750 0.0351
 560 760 0.0569
 560 770 0.0536
 560 780 0.0498
 560 790 0.0539
 560 800  0.058
 570 130 0.0543
 570 140  0.077
 570 150 0.0689
 570 160  0.106
 570 170 0.0599
 570 180 0.0302
 570 190 0.0643
 570 200 0.0988
 570 210 0.0978
 570 220  0.046
 570 230 0.0396
 570 240 0.0376
 570 250 0.0563
 570 260 0.0646
 570 270 0.0765
 570 280 0.0604
 570 290 0.0713
 570 300 0.0672
 570 310 0.0412
 570 320 0.0462
 570 330 0.0823
 570 340 0.0668
 570 350 0.0897
 570 360 0.0945
 570 370 0.0743
 570 380 0.0861
 570 390 0.0922
 570 400 0.0676
 570 410 0.0587
 570 420 0.0832
 570 430  0.163
 570 440  0.109
 570 450 0.0559
 570 460 0.0753
 570 470 0.0692
 570 480  10000
 570 490  10000
 570 500  10000
 570 510  10000
 570 520  10000
 570 530  10000
 570 540  10000
 570 550  10000
 570 560  10000
 570 570  10000
 570 580  10000
 570 590  10000
 570 600  10000
 570 610  10000
 570 620  10000
 570 630  10000
 570 640  10000
 570 650  10000
 570 660  10000
 570 670 0.0952
 570 680 0.0973
 570 690  0.079
 570 700 0.0899
 570 710  0.113
 570 720  0.128
 570 730  0.126
 570 740 0.0956
 570 750 0.0576
 570 760  0.038
 570 770 0.0606
 570 780 0.0611
 570 790 0.0513
 570 800 0.0405
 580 130 0.0483
 580 140 0.0774
 580 150 0.0628
 580 160 0.0894
 580 170 0.0858
 580 180  0.028
 580 190 0.0495
 580 200 0.0709
 580 210  0.104
 580 220 0.0558
 580 230 0.0399
 580 240 0.0395
 580 250 0.0446
 580 260 0.0481
 580 270  0.093
 580 280 0.0561
 580 290  0.066
 580 300 0.0828
 580 310 0.0458
 580 320 0.0389
 580 330 0.0524
 580 340 0.0678
 580 350 0.0608
 580 360 0.0675
 580 370 0.0805
 580 380 0.0821
 580 390  0.106
 580 400 0.0908
 580 410 0.0795
 580 420 0.0553
 580 430 0.0915
 580 440  0.151
 580 450  0.102
 580 460 0.0595
 580 470 0.0621
 580 480 0.0597
 580 490  10000
 580 500  10000
 580 510  10000
 580 520  10000
 580 530  10000
 580 540  10000
 580 550  10000
 580 560  10000
 580 570  10000
 580 580  10000
 580 590  10000
 580 600  10000
 580 610  10000
 580 620  10000
 580 630  10000
 580 640  10000
 580 650  10000
 580 660  10000
 580 670  10000
 580 680 0.0828
 580 690 0.0984
 580 700 0.0746
 580 710  0.109
 580 720  0.138
 580 730  0.136
 580 740  0.131
 580 750 0.0994
 580 760 0.0496
 580 770 0.0464
 580 780 0.0565
 580 790 0.0647
 580 800 0.0602
 590 130 0.0465
 590 140 0.0641
 590 150  0.069
 590 160 0.0787
 590 170 0.0998
 590 180 0.0346
 590 190 0.0346
 590 200 0.0496
 590 210 0.0852
 590 220 0.0761
 590 230  0.044
 590 240 0.0443
 590 250 0.0355
 590 260 0.0429
 590 270 0.0823
 590 280  0.075
 590 290 0.0491
 590 300 0.0615
 590 310 0.0617
 590 320  0.048
 590 330 0.0396
 590 340 0.0503
 590 350 0.0568
 590 360  0.038
 590 370 0.0603
 590 380 0.0881
 590 390 0.0828
 590 400  0.117
 590 410 0.0988
 590 420 0.0619
 590 430 0.0738
 590 440    0.1
 590 450  0.139
 590 460 0.0778
 590 470 0.0632
 590 480 0.0744
 590 490 0.0546
 590 500  10000
 590 510  10000
 590 520  10000
 590 530  10000
 590 540  10000
 590 550  10000
 590 560  10000
 590 570  10000
 590 580  10000
 590 590  10000
 590 600  10000
 590 610  10000
 590 620  10000
 590 630  10000
 590 640  10000
 590 650  10000
 590 660  10000
 590 670  10000
 590 680  10000
 590 690 0.0822
 590 700  0.115
 590 710 0.0697
 590 720 0.0939
 590 730  0.127
 590 740   0.13
 590 750  0.133
 590 760  0.104
 590 770 0.0566
 590 780 0.0441
 590 790 0.0442
 590 800 0.0538
 600 130 0.0478
 600 140  0.044
 600 150 0.0673
 600 160 0.0555
 600 170    0.1
 600 180 0.0488
 600 190 0.0307
 600 200 0.0368
 600 210 0.0649
 600 220 0.0776
 600 230  0.058
 600 240 0.0396
 600 250 0.0364
 600 260 0.0348
 600 270 0.0632
 600 280 0.0821
 600 290 0.0725
 600 300 0.0429
 600 310 0.0657
 600 320 0.0547
 600 330 0.0506
 600 340 0.0392
 600 350 0.0439
 600 360 0.0438
 600 370 0.0375
 600 380 0.0569
 600 390  0.084
 600 400 0.0823
 600 410  0.105
 600 420  0.149
 600 430 0.0751
 600 440 0.0713
 600 450  0.107
 600 460  0.131
 600 470 0.0779
 600 480 0.0443
 600 490 0.0721
 600 500 0.0662
 600 510  10000
 600 520  10000
 600 530  10000
 600 540  10000
 600 550  10000
 600 560  10000
 600 570  10000
 600 580  10000
 600 590  10000
 600 600  10000
 600 610  10000
 600 620  10000
 600 630  10000
 600 640  10000
 600 650  10000
 600 660  10000
 600 670  10000
 600 680  10000
 600 690  10000
 600 700 0.0711
 600 710 0.0919
 600 720 0.0565
 600 730 0.0809
 600 740  0.132
 600 750  0.133
 600 760  0.116
 600 770 0.0757
 600 780 0.0431
 600 790 0.0416
 600 800 0.0384
 610 130 0.0422
 610 140 0.0351
 610 150 0.0573
 610 160 0.0524
 610 170 0.0919
 610 180 0.0543
 610 190 0.0369
 610 200 0.0282
 610 210 0.0451
 610 220 0.0637
 610 230 0.0792
 610 240 0.0428
 610 250 0.0324
 610 260 0.0383
 610 270 0.0507
 610 280 0.0693
 610 290 0.0898
 610 300   0.06
 610 310 0.0433
 610 320 0.0528
 610 330 0.0551
 610 340 0.0427
 610 350 0.0354
 610 360 0.0537
 610 370 0.0353
 610 380 0.0322
 610 390 0.0657
 610 400 0.0888
 610 410 0.0728
 610 420  0.151
 610 430  0.135
 610 440  0.053
 610 450 0.0652
 610 460  0.122
 610 470  0.113
 610 480 0.0661
 610 490 0.0556
 610 500  0.048
 610 510 0.0677
 610 520  10000
 610 530  10000
 610 540  10000
 610 550  10000
 610 560  10000
 610 570  10000
 610 580  10000
 610 590  10000
 610 600  10000
 610 610  10000
 610 620  10000
 610 630  10000
 610 640  10000
 610 650  10000
 610 660  10000
 610 670  10000
 610 680  10000
 610 690  10000
 610 700  10000
 610 710 0.0513
 610 720 0.0847
 610 730 0.0693
 610 740 0.0843
 610 750  0.147
 610 760  0.118
 610 770 0.0801
 610 780 0.0772
 610 790 0.0483
 610 800 0.0269
 620 130 0.0335
 620 140   0.03
 620 150 0.0406
 620 160 0.0557
 620 170 0.0685
 620 180 0.0543
 620 190 0.0461
 620 200 0.0278
 620 210 0.0333
 620 220 0.0493
 620 230 0.0686
 620 240 0.0541
 620 250 0.0315
 620 260 0.0453
 620 270 0.0462
 620 280 0.0578
 620 290 0.0687
 620 300 0.0851
 620 310 0.0449
 620 320 0.0442
 620 330 0.0543
 620 340 0.0537
 620 350 0.0367
 620 360 0.0453
 620 370 0.0371
 620 380 0.0301
 620 390 0.0336
 620 400 0.0695
 620 410  0.059
 620 420  0.111
 620 430  0.136
 620 440 0.0967
 620 450 0.0542
 620 460 0.0841
 620 470  0.108
 620 480  0.115
 620 490 0.0781
 620 500 0.0716
 620 510 0.0751
 620 520  0.083
 620 530  10000
 620 540  10000
 620 550  10000
 620 560  10000
 620 570  10000
 620 580  10000
 620 590  10000
 620 600  10000
 620 610  10000
 620 620  10000
 620 630  10000
 620 640  10000
 620 650  10000
 620 660  10000
 620 670  10000
 620 680  10000
 620 690  10000
 620 700  10000
 620 710  10000
 620 720 0.0659
 620 730 0.0883
 620 740 0.0632
 620 750 0.0752
 620 760  0.129
 620 770  0.105
 620 780 0.0909
 620 790 0.0828
 620 800 0.0438
 630 130  0.028
 630 140 0.0271
 630 150 0.0319
 630 160 0.0487
 630 170 0.0638
 630 180 0.0446
 630 190 0.0552
 630 200 0.0322
 630 210 0.0269
 630 220 0.0392
 630 230 0.0455
 630 240 0.0526
 630 250 0.0404
 630 260 0.0414
 630 270 0.0473
 630 280  0.044
 630 290 0.0585
 630 300  0.071
 630 310  0.067
 630 320 0.0511
 630 330 0.0434
 630 340  0.061
 630 350 0.0435
 630 360 0.0448
 630 370 0.0376
 630 380 0.0337
 630 390 0.0318
 630 400 0.0334
 630 410  0.041
 630 420 0.0923
 630 430  0.107
 630 440 0.0939
 630 450 0.0894
 630 460 0.0627
 630 470  0.107
 630 480  0.128
 630 490  0.109
 630 500  0.109
 630 510  0.059
 630 520 0.0786
 630 530 0.0904
 630 540  10000
 630 550  10000
 630 560  10000
 630 570  10000
 630 580  10000
 630 590  10000
 630 600  10000
 630 610  10000
 630 620  10000
 630 630  10000
 630 640  10000
 630 650  10000
 630 660  10000
 630 670  10000
 630 680  10000
 630 690  10000
 630 700  10000
 630 710  10000
 630 720  10000
 630 730 0.0686
 630 740 0.0905
 630 750 0.0587
 630 760  0.057
 630 770   0.13
 630 780  0.117
 630 790  0.104
 630 800 0.0849
 640 130 0.0276
 640 140 0.0262
 640 150 0.0293
 640 160 0.0415
 640 170 0.0682
 640 180 0.0386
 640 190 0.0574
 640 200 0.0374
 640 210 0.0294
 640 220 0.0322
 640 230  0.032
 640 240 0.0419
 640 250 0.0503
 640 260 0.0499
 640 270 0.0386
 640 280 0.0463
 640 290 0.0539
 640 300 0.0608
 640 310 0.0728
 640 320  0.073
 640 330  0.042
 640 340 0.0531
 640 350 0.0583
 640 360 0.0553
 640 370 0.0421
 640 380  0.031
 640 390 0.0347
 640 400 0.0373
 640 410 0.0284
 640 420 0.0556
 640 430 0.0877
 640 440 0.0817
 640 450  0.101
 640 460   0.09
 640 470 0.0636
 640 480 0.0941
 640 490  0.126
 640 500  0.124
 640 510  0.107
 640 520 0.0521
 640 530 0.0813
 640 540 0.0975
 640 550  10000
 640 560  10000
 640 570  10000
 640 580  10000
 640 590  10000
 640 600  10000
 640 610  10000
 640 620  10000
 640 630  10000
 640 640  10000
 640 650  10000
 640 660  10000
 640 670  10000
 640 680  10000
 640 690  10000
 640 700  10000
 640 710  10000
 640 720  10000
 640 730  10000
 640 740 0.0724
 640 750 0.0783
 640 760 0.0615
 640 770 0.0665
 640 780  0.107
 640 790 0.0866
 640 800 0.0787
 650 130 0.0284
 650 140 0.0255
 650 150 0.0292
 650 160 0.0442
 650 170 0.0537
 650 180 0.0462
 650 190 0.0511
 650 200 0.0427
 650 210 0.0342
 650 220 0.0304
 650 230 0.0277
 650 240 0.0319
 650 250  0.048
 650 260 0.0688
 650 270 0.0373
 650 280 0.0401
 650 290 0.0431
 650 300 0.0513
 650 310  0.066
 650 320 0.0801
 650 330 0.0655
 650 340  0.055
 650 350 0.0602
 650 360 0.0752
 650 370 0.0536
 650 380 0.0303
 650 390 0.0315
 650 400 0.0476
 650 410 0.0335
 650 420 0.0312
 650 430 0.0537
 650 440 0.0666
 650 450 0.0859
 650 460    0.1
 650 470 0.0892
 650 480 0.0623
 650 490 0.0991
 650 500    0.1
 650 510  0.134
 650 520 0.0903
 650 530 0.0636
 650 540 0.0996
 650 550  0.106
 650 560  10000
 650 570  10000
 650 580  10000
 650 590  10000
 650 600  10000
 650 610  10000
 650 620  10000
 650 630  10000
 650 640  10000
 650 650  10000
 650 660  10000
 650 670  10000
 650 680  10000
 650 690  10000
 650 700  10000
 650 710  10000
 650 720  10000
 650 730  10000
 650 740  10000
 650 750 0.0704
 650 760 0.0688
 650 770 0.0581
 650 780 0.0672
 650 790  0.103
 650 800 0.0808
 660 130 0.0323
 660 140 0.0243
 660 150 0.0269
 660 160 0.0441
 660 170 0.0483
 660 180 0.0518
 660 190   0.05
 660 200 0.0454
 660 210 0.0414
 660 220 0.0323
 660 230 0.0249
 660 240 0.0262
 660 250 0.0364
 660 260 0.0738
 660 270 0.0477
 660 280 0.0351
 660 290 0.0421
 660 300 0.0483
 660 310 0.0491
 660 320 0.0695
 660 330 0.0733
 660 340 0.0789
 660 350 0.0518
 660 360 0.0693
 660 370 0.0652
 660 380 0.0433
 660 390 0.0302
 660 400 0.0364
 660 410 0.0463
 660 420 0.0278
 660 430 0.0285
 660 440 0.0546
 660 450 0.0594
 660 460 0.0824
 660 470 0.0988
 660 480  0.075
 660 490 0.0638
 660 500 0.0842
 660 510  0.102
 660 520  0.119
 660 530 0.0885
 660 540 0.0646
 660 550  0.103
 660 560 0.0864
 660 570  10000
 660 580  10000
 660 590  10000
 660 600  10000
 660 610  10000
 660 620  10000
 660 630  10000
 660 640  10000
 660 650  10000
 660 660  10000
 660 670  10000
 660 680  10000
 660 690  10000
 660 700  10000
 660 710  10000
 660 720  10000
 660 730  10000
 660 740  10000
 660 750  10000
 660 760 0.0557
 660 770 0.0601
 660 780 0.0666
 660 790 0.0643
 660 800  0.113
 670 130 0.0427
 670 140 0.0255
 670 150 0.0235
 670 160 0.0454
 670 170 0.0502
 670 180  0.049
 670 190 0.0569
 670 200 0.0456
 670 210 0.0501
 670 220 0.0389
 670 230 0.0267
 670 240 0.0241
 670 250 0.0291
 670 260 0.0584
 670 270 0.0559
 670 280 0.0435
 670 290  0.036
 670 300 0.0489
 670 310 0.0369
 670 320 0.0599
 670 330 0.0587
 670 340 0.0819
 670 350 0.0674
 670 360 0.0577
 670 370 0.0593
 670 380 0.0611
 670 390  0.036
 670 400 0.0311
 670 410  0.041
 670 420  0.034
 670 430 0.0263
 670 440 0.0307
 670 450 0.0521
 670 460 0.0508
 670 470  0.092
 670 480 0.0886
 670 490 0.0705
 670 500 0.0519
 670 510 0.0909
 670 520  0.114
 670 530  0.138
 670 540 0.0844
 670 550 0.0789
 670 560    0.1
 670 570 0.0952
 670 580  10000
 670 590  10000
 670 600  10000
 670 610  10000
 670 620  10000
 670 630  10000
 670 640  10000
 670 650  10000
 670 660  10000
 670 670  10000
 670 680  10000
 670 690  10000
 670 700  10000
 670 710  10000
 670 720  10000
 670 730  10000
 670 740  10000
 670 750  10000
 670 760  10000
 670 770 0.0504
 670 780 0.0587
 670 790 0.0453
 670 800 0.0583
 680 130 0.0511
 680 140 0.0241
 680 150 0.0223
 680 160 0.0411
 680 170 0.0549
 680 180  0.045
 680 190  0.058
 680 200  0.045
 680 210 0.0511
 680 220 0.0528
 680 230 0.0333
 680 240 0.0243
 680 250 0.0289
 680 260 0.0427
 680 270 0.0462
 680 280  0.056
 680 290 0.0396
 680 300 0.0447
 680 310 0.0423
 680 320 0.0533
 680 330 0.0545
 680 340  0.061
 680 350 0.0787
 680 360 0.0694
 680 370 0.0478
 680 380 0.0563
 680 390 0.0499
 680 400 0.0368
 680 410   0.04
 680 420 0.0378
 680 430 0.0275
 680 440 0.0309
 680 450 0.0359
 680 460 0.0461
 680 470 0.0607
 680 480  0.104
 680 490 0.0761
 680 500 0.0537
 680 510  0.067
 680 520  0.096
 680 530  0.142
 680 540  0.152
 680 550 0.0886
 680 560 0.0895
 680 570 0.0973
 680 580 0.0828
 680 590  10000
 680 600  10000
 680 610  10000
 680 620  10000
 680 630  10000
 680 640  10000
 680 650  10000
 680 660  10000
 680 670  10000
 680 680  10000
 680 690  10000
 680 700  10000
 680 710  10000
 680 720  10000
 680 730  10000
 680 740  10000
 680 750  10000
 680 760  10000
 680 770  10000
 680 780 0.0443
 680 790 0.0385
 680 800 0.0329
 690 130 0.0545
 690 140 0.0264
 690 150 0.0231
 690 160 0.0371
 690 170 0.0536
 690 180 0.0435
 690 190 0.0559
 690 200 0.0513
 690 210  0.048
 690 220  0.061
 690 230 0.0455
 690 240 0.0264
 690 250 0.0314
 690 260 0.0369
 690 270 0.0383
 690 280 0.0525
 690 290 0.0523
 690 300 0.0403
 690 310 0.0457
 690 320  0.056
 690 330  0.059
 690 340 0.0513
 690 350 0.0577
 690 360 0.0725
 690 370 0.0582
 690 380 0.0528
 690 390 0.0457
 690 400 0.0473
 690 410 0.0388
 690 420 0.0348
 690 430 0.0321
 690 440 0.0317
 690 450 0.0353
 690 460 0.0333
 690 470 0.0539
 690 480 0.0825
 690 490  0.097
 690 500 0.0664
 690 510 0.0714
 690 520 0.0504
 690 530  0.105
 690 540  0.151
 690 550  0.141
 690 560 0.0918
 690 570  0.079
 690 580 0.0984
 690 590 0.0822
 690 600  10000
 690 610  10000
 690 620  10000
 690 630  10000
 690 640  10000
 690 650  10000
 690 660  10000
 690 670  10000
 690 680  10000
 690 690  10000
 690 700  10000
 690 710  10000
 690 720  10000
 690 730  10000
 690 740  10000
 690 750  10000
 690 760  10000
 690 770  10000
 690 780  10000
 690 790 0.0402
 690 800 0.0356
 700 130 0.0533
 700 140 0.0343
 700 150 0.0212
 700 160 0.0317
 700 170 0.0434
 700 180 0.0457
 700 190 0.0475
 700 200 0.0548
 700 210 0.0447
 700 220 0.0578
 700 230  0.058
 700 240 0.0314
 700 250 0.0326
 700 260 0.0419
 700 270 0.0358
 700 280 0.0408
 700 290  0.059
 700 300 0.0445
 700 310 0.0395
 700 320 0.0634
 700 330 0.0632
 700 340  0.056
 700 350  0.041
 700 360  0.056
 700 370 0.0767
 700 380  0.066
 700 390 0.0442
 700 400 0.0438
 700 410 0.0429
 700 420 0.0319
 700 430 0.0389
 700 440  0.033
 700 450 0.0347
 700 460 0.0345
 700 470 0.0411
 700 480 0.0702
 700 490 0.0831
 700 500 0.0911
 700 510 0.0671
 700 520 0.0623
 700 530 0.0478
 700 540  0.134
 700 550  0.127
 700 560 0.0968
 700 570 0.0899
 700 580 0.0746
 700 590  0.115
 700 600 0.0711
 700 610  10000
 700 620  10000
 700 630  10000
 700 640  10000
 700 650  10000
 700 660  10000
 700 670  10000
 700 680  10000
 700 690  10000
 700 700  10000
 700 710  10000
 700 720  10000
 700 730  10000
 700 740  10000
 700 750  10000
 700 760  10000
 700 770  10000
 700 780  10000
 700 790  10000
 700 800 0.0379
 710 130 0.0459
 710 140 0.0418
 710 150 0.0203
 710 160 0.0282
 710 170  0.031
 710 180 0.0465
 710 190 0.0433
 710 200 0.0524
 710 210 0.0475
 710 220 0.0506
 710 230 0.0604
 710 240 0.0394
 710 250 0.0339
 710 260 0.0403
 710 270 0.0424
 710 280 0.0338
 710 290 0.0476
 710 300 0.0605
 710 310 0.0388
 710 320 0.0614
 710 330 0.0758
 710 340 0.0641
 710 350 0.0448
 710 360 0.0435
 710 370 0.0699
 710 380 0.0842
 710 390 0.0511
 710 400  0.042
 710 410  0.043
 710 420 0.0305
 710 430 0.0375
 710 440 0.0395
 710 450 0.0337
 710 460 0.0402
 710 470 0.0363
 710 480 0.0549
 710 490 0.0725
 710 500  0.104
 710 510 0.0853
 710 520 0.0566
 710 530 0.0529
 710 540 0.0758
 710 550  0.113
 710 560  0.114
 710 570  0.113
 710 580  0.109
 710 590 0.0697
 710 600 0.0919
 710 610 0.0513
 710 620  10000
 710 630  10000
 710 640  10000
 710 650  10000
 710 660  10000
 710 670  10000
 710 680  10000
 710 690  10000
 710 700  10000
 710 710  10000
 710 720  10000
 710 730  10000
 710 740  10000
 710 750  10000
 710 760  10000
 710 770  10000
 710 780  10000
 710 790  10000
 710 800  10000
 720 130 0.0361
 720 140 0.0444
 720 150 0.0234
 720 160 0.0253
 720 170 0.0224
 720 180 0.0394
 720 190 0.0448
 720 200 0.0493
 720 210 0.0471
 720 220  0.044
 720 230 0.0528
 720 240 0.0483
 720 250 0.0374
 720 260 0.0358
 720 270 0.0436
 720 280 0.0362
 720 290 0.0373
 720 300 0.0603
 720 310 0.0414
 720 320   0.06
 720 330 0.0797
 720 340 0.0728
 720 350 0.0521
 720 360 0.0494
 720 370 0.0499
 720 380  0.081
 720 390 0.0625
 720 400 0.0412
 720 410 0.0423
 720 420 0.0325
 720 430 0.0371
 720 440 0.0408
 720 450 0.0401
 720 460 0.0378
 720 470 0.0383
 720 480 0.0489
 720 490 0.0587
 720 500  0.105
 720 510 0.0865
 720 520 0.0701
 720 530 0.0598
 720 540 0.0642
 720 550 0.0823
 720 560  0.124
 720 570  0.128
 720 580  0.138
 720 590 0.0939
 720 600 0.0565
 720 610 0.0847
 720 620 0.0659
 720 630  10000
 720 640  10000
 720 650  10000
 720 660  10000
 720 670  10000
 720 680  10000
 720 690  10000
 720 700  10000
 720 710  10000
 720 720  10000
 720 730  10000
 720 740  10000
 720 750  10000
 720 760  10000
 720 770  10000
 720 780  10000
 720 790  10000
 720 800  10000
 730 130 0.0276
 730 140 0.0396
 730 150 0.0278
 730 160  0.025
 730 170 0.0192
 730 180 0.0315
 730 190 0.0434
 730 200 0.0516
 730 210 0.0465
 730 220 0.0421
 730 230 0.0445
 730 240 0.0507
 730 250 0.0437
 730 260 0.0323
 730 270 0.0387
 730 280 0.0463
 730 290 0.0364
 730 300 0.0447
 730 310 0.0445
 730 320 0.0603
 730 330 0.0716
 730 340 0.0801
 730 350 0.0672
 730 360 0.0653
 730 370  0.051
 730 380 0.0558
 730 390 0.0646
 730 400 0.0501
 730 410 0.0429
 730 420 0.0343
 730 430 0.0366
 730 440 0.0348
 730 450 0.0433
 730 460 0.0409
 730 470 0.0386
 730 480 0.0478
 730 490 0.0549
 730 500 0.0758
 730 510 0.0795
 730 520 0.0812
 730 530 0.0714
 730 540 0.0569
 730 550  0.054
 730 560  0.087
 730 570  0.126
 730 580  0.136
 730 590  0.127
 730 600 0.0809
 730 610 0.0693
 730 620 0.0883
 730 630 0.0686
 730 640  10000
 730 650  10000
 730 660  10000
 730 670  10000
 730 680  10000
 730 690  10000
 730 700  10000
 730 710  10000
 730 720  10000
 730 730  10000
 730 740  10000
 730 750  10000
 730 760  10000
 730 770  10000
 730 780  10000
 730 790  10000
 730 800  10000
 740 130 0.0245
 740 140 0.0283
 740 150 0.0322
 740 160 0.0265
 740 170 0.0181
 740 180  0.028
 740 190 0.0382
 740 200 0.0551
 740 210 0.0474
 740 220 0.0371
 740 230 0.0415
 740 240 0.0487
 740 250 0.0477
 740 260 0.0312
 740 270 0.0357
 740 280 0.0491
 740 290 0.0462
 740 300 0.0396
 740 310 0.0405
 740 320 0.0579
 740 330 0.0665
 740 340 0.0741
 740 350 0.0808
 740 360 0.0738
 740 370 0.0604
 740 380 0.0545
 740 390 0.0541
 740 400 0.0525
 740 410 0.0546
 740 420 0.0331
 740 430 0.0381
 740 440 0.0336
 740 450 0.0418
 740 460 0.0433
 740 470 0.0383
 740 480 0.0386
 740 490 0.0538
 740 500 0.0552
 740 510 0.0566
 740 520 0.0715
 740 530 0.0687
 740 540 0.0558
 740 550 0.0366
 740 560 0.0501
 740 570 0.0956
 740 580  0.131
 740 590   0.13
 740 600  0.132
 740 610 0.0843
 740 620 0.0632
 740 630 0.0905
 740 640 0.0724
 740 650  10000
 740 660  10000
 740 670  10000
 740 680  10000
 740 690  10000
 740 700  10000
 740 710  10000
 740 720  10000
 740 730  10000
 740 740  10000
 740 750  10000
 740 760  10000
 740 770  10000
 740 780  10000
 740 790  10000
 740 800  10000
 750 130 0.0244
 750 140 0.0202
 750 150 0.0335
 750 160 0.0289
 750 170 0.0209
 750 180 0.0249
 750 190 0.0298
 750 200 0.0537
 750 210 0.0519
 750 220 0.0314
 750 230 0.0426
 750 240 0.0429
 750 250 0.0462
 750 260 0.0327
 750 270 0.0346
 750 280 0.0438
 750 290 0.0561
 750 300 0.0474
 750 310 0.0353
 750 320 0.0496
 750 330 0.0652
 750 340 0.0657
 750 350 0.0802
 750 360  0.089
 750 370 0.0617
 750 380 0.0664
 750 390 0.0547
 750 400 0.0404
 750 410 0.0637
 750 420 0.0457
 750 430 0.0356
 750 440 0.0356
 750 450 0.0368
 750 460 0.0417
 750 470 0.0341
 750 480 0.0349
 750 490 0.0435
 750 500 0.0516
 750 510 0.0456
 750 520 0.0578
 750 530  0.063
 750 540 0.0582
 750 550  0.046
 750 560 0.0351
 750 570 0.0576
 750 580 0.0994
 750 590  0.133
 750 600  0.133
 750 610  0.147
 750 620 0.0752
 750 630 0.0587
 750 640 0.0783
 750 650 0.0704
 750 660  10000
 750 670  10000
 750 680  10000
 750 690  10000
 750 700  10000
 750 710  10000
 750 720  10000
 750 730  10000
 750 740  10000
 750 750  10000
 750 760  10000
 750 770  10000
 750 780  10000
 750 790  10000
 750 800  10000
 760 130 0.0244
 760 140 0.0184
 760 150 0.0306
 760 160 0.0303
 760 170 0.0263
 760 180 0.0219
 760 190 0.0257
 760 200 0.0422
 760 210 0.0513
 760 220 0.0338
 760 230 0.0457
 760 240 0.0442
 760 250 0.0415
 760 260  0.033
 760 270 0.0343
 760 280 0.0375
 760 290  0.056
 760 300 0.0528
 760 310 0.0404
 760 320 0.0389
 760 330 0.0572
 760 340 0.0667
 760 350  0.072
 760 360 0.0946
 760 370 0.0734
 760 380 0.0742
 760 390 0.0647
 760 400 0.0431
 760 410 0.0626
 760 420 0.0661
 760 430 0.0444
 760 440 0.0321
 760 450 0.0337
 760 460  0.035
 760 470 0.0326
 760 480 0.0335
 760 490 0.0473
 760 500 0.0463
 760 510 0.0486
 760 520 0.0506
 760 530 0.0581
 760 540 0.0545
 760 550 0.0468
 760 560 0.0569
 760 570  0.038
 760 580 0.0496
 760 590  0.104
 760 600  0.116
 760 610  0.118
 760 620  0.129
 760 630  0.057
 760 640 0.0615
 760 650 0.0688
 760 660 0.0557
 760 670  10000
 760 680  10000
 760 690  10000
 760 700  10000
 760 710  10000
 760 720  10000
 760 730  10000
 760 740  10000
 760 750  10000
 760 760  10000
 760 770  10000
 760 780  10000
 760 790  10000
 760 800  10000
 770 130 0.0228
 770 140 0.0188
 770 150 0.0237
 770 160 0.0301
 770 170 0.0306
 770 180 0.0222
 770 190 0.0226
 770 200 0.0293
 770 210 0.0457
 770 220 0.0427
 770 230 0.0391
 770 240 0.0459
 770 250 0.0402
 770 260  0.032
 770 270  0.037
 770 280 0.0329
 770 290  0.049
 770 300 0.0516
 770 310  0.051
 770 320 0.0372
 770 330 0.0441
 770 340 0.0638
 770 350 0.0584
 770 360 0.0816
 770 370 0.0811
 770 380 0.0858
 770 390 0.0756
 770 400 0.0652
 770 410 0.0582
 770 420 0.0754
 770 430 0.0598
 770 440 0.0375
 770 450   0.03
 770 460 0.0303
 770 470  0.031
 770 480 0.0305
 770 490 0.0497
 770 500 0.0457
 770 510 0.0423
 770 520 0.0455
 770 530 0.0545
 770 540  0.046
 770 550 0.0392
 770 560 0.0536
 770 570 0.0606
 770 580 0.0464
 770 590 0.0566
 770 600 0.0757
 770 610 0.0801
 770 620  0.105
 770 630   0.13
 770 640 0.0665
 770 650 0.0581
 770 660 0.0601
 770 670 0.0504
 770 680  10000
 770 690  10000
 770 700  10000
 770 710  10000
 770 720  10000
 770 730  10000
 770 740  10000
 770 750  10000
 770 760  10000
 770 770  10000
 770 780  10000
 770 790  10000
 770 800  10000
 780 130 0.0221
 780 140 0.0185
 780 150 0.0189
 780 160 0.0286
 780 170 0.0328
 780 180 0.0256
 780 190 0.0186
 780 200 0.0229
 780 210 0.0329
 780 220 0.0496
 780 230 0.0363
 780 240 0.0418
 780 250 0.0425
 780 260 0.0327
 780 270 0.0383
 780 280 0.0336
 780 290 0.0412
 780 300 0.0449
 780 310 0.0531
 780 320  0.046
 780 330 0.0391
 780 340 0.0539
 780 350 0.0473
 780 360 0.0698
 780 370 0.0809
 780 380  0.101
 780 390 0.0774
 780 400 0.0775
 780 410  0.071
 780 420 0.0691
 780 430 0.0703
 780 440 0.0497
 780 450 0.0329
 780 460 0.0273
 780 470 0.0303
 780 480 0.0284
 780 490  0.042
 780 500 0.0431
 780 510 0.0349
 780 520 0.0359
 780 530 0.0539
 780 540 0.0463
 780 550 0.0338
 780 560 0.0498
 780 570 0.0611
 780 580 0.0565
 780 590 0.0441
 780 600 0.0431
 780 610 0.0772
 780 620 0.0909
 780 630  0.117
 780 640  0.107
 780 650 0.0672
 780 660 0.0666
 780 670 0.0587
 780 680 0.0443
 780 690  10000
 780 700  10000
 780 710  10000
 780 720  10000
 780 730  10000
 780 740  10000
 780 750  10000
 780 760  10000
 780 770  10000
 780 780  10000
 780 790  10000
 780 800  10000
 790 130 0.0237
 790 140 0.0164
 790 150  0.017
 790 160  0.024
 790 170 0.0338
 790 180  0.031
 790 190  0.017
 790 200   0.02
 790 210 0.0255
 790 220 0.0502
 790 230 0.0388
 790 240 0.0347
 790 250  0.042
 790 260 0.0328
 790 270 0.0392
 790 280 0.0374
 790 290 0.0383
 790 300  0.036
 790 310 0.0535
 790 320 0.0533
 790 330 0.0429
 790 340 0.0413
 790 350 0.0392
 790 360 0.0478
 790 370 0.0723
 790 380 0.0936
 790 390 0.0796
 790 400 0.0843
 790 410 0.0832
 790 420 0.0655
 790 430 0.0693
 790 440 0.0609
 790 450 0.0404
 790 460 0.0292
 790 470 0.0322
 790 480 0.0264
 790 490  0.033
 790 500 0.0425
 790 510 0.0367
 790 520 0.0385
 790 530 0.0444
 790 540 0.0449
 790 550  0.032
 790 560 0.0539
 790 570 0.0513
 790 580 0.0647
 790 590 0.0442
 790 600 0.0416
 790 610 0.0483
 790 620 0.0828
 790 630  0.104
 790 640 0.0866
 790 650  0.103
 790 660 0.0643
 790 670 0.0453
 790 680 0.0385
 790 690 0.0402
 790 700  10000
 790 710  10000
 790 720  10000
 790 730  10000
 790 740  10000
 790 750  10000
 790 760  10000
 790 770  10000
 790 780  10000
 790 790  10000
 790 800  10000
 800 130 0.0257
 800 140 0.0139
 800 150 0.0159
 800 160  0.019
 800 170 0.0338
 800 180 0.0358
 800 190 0.0184
 800 200 0.0181
 800 210 0.0217
 800 220 0.0386
 800 230 0.0409
 800 240 0.0284
 800 250 0.0379
 800 260 0.0334
 800 270 0.0363
 800 280 0.0373
 800 290 0.0356
 800 300 0.0283
 800 310 0.0466
 800 320  0.049
 800 330 0.0513
 800 340 0.0373
 800 350 0.0345
 800 360 0.0338
 800 370 0.0591
 800 380 0.0811
 800 390 0.0707
 800 400 0.0789
 800 410 0.0864
 800 420 0.0655
 800 430 0.0647
 800 440 0.0628
 800 450 0.0496
 800 460 0.0387
 800 470 0.0387
 800 480 0.0246
 800 490 0.0292
 800 500 0.0367
 800 510 0.0414
 800 520 0.0395
 800 530  0.033
 800 540 0.0377
 800 550 0.0409
 800 560  0.058
 800 570 0.0405
 800 580 0.0602
 800 590 0.0538
 800 600 0.0384
 800 610 0.0269
 800 620 0.0438
 800 630 0.0849
 800 640 0.0787
 800 650 0.0808
 800 660  0.113
 800 670 0.0583
 800 680 0.0329
 800 690 0.0356
 800 700 0.0379
 800 710  10000
 800 720  10000
 800 730  10000
 800 740  10000
 800 750  10000
 800 760  10000
 800 770  10000
 800 780  10000
 800 790  10000
 800 800  10000
