69.91489361702128  0.08173285198555957
70  0.06981949458483752
71.6595744680851  0.07220216606498195
73.27659574468085  0.048158844765342934
74  0.058555956678700366
74.5531914893617  0.07999999999999999
75.7872340425532  0.1263537906137184
77.53191489361703  0.06483754512635378
79.1063829787234  0.10469314079422384
80.42553191489361  0.07870036101083033
80.97872340425532  0.07501805054151622
81.70212765957447  0.07371841155234657
84.68085106382978  0.043393501805054135
86.25531914893617  0.06570397111913356
86.93617021276596  0.0711191335740072
87.74468085106383  0.07328519855595667
89.87234042553192  0.1616606498194946
92.76595744680851  0.037978339350180496
95.4468085106383  0.13046931407942236
97.7872340425532  0.07046931407942239
99.36170212765957  0.03667870036101081
100.04255319148936  0.0332129963898917
100.89361702127661  0.034296028880866414
103.06382978723404  0.026498194945848347
103.82978723404256  0.02909747292418771
104.42553191489361  0.0384115523465704
105.65957446808511  0.049458483754512644
107.57446808510639  0.0407942238267148
109.40425531914894  0.028447653429602843
110  0.029530685920577587
